ID	Long93_Cor	Lat93_Cor	D_Canop_M
A_44_Qs	417135,952	6416246,632	11,1
A_42_Qs	417129,280	6416241,751	7,65
A_41_Ns	417124,780	6416235,020	10,5
A_44_Ks	417137,719	6416230,070	6,45
A_45_Ds	417148,491	6416212,316	10,9
A_41_Ds	417141,175	6416209,712	7,2
A_45_E	417155,500	6416187,818	11,2
A_42_J	417151,143	6416151,102	12,95
Port_3_M	417188,629	6416054,005	6,55
Port_3_O	417191,277	6416049,549	6,45
Port_2_V	417190,421	6416041,137	7,65
Port_2_X	417190,550	6416035,274	7,15
Port_3_U	417201,584	6416032,354	4,4
Port_3_CC	417207,360	6416019,577	8,5
A_55_S1	417211,347	6416156,934	10,7
A_55_S2	417214,094	6416158,144	10,6
A_59_C	417216,098	6416209,148	7,25
A_64_Cs	417235,675	6416228,992	6,1
A_65_Fs	417236,830	6416240,503	7,85
A_62_Gs	417223,110	6416240,013	3,95
A_62_Js	417219,315	6416250,637	8,45
A_62_Ms	417218,308	6416256,353	7
A_65_Hs	417232,791	6416252,001	3,2
A_68_Ks	417247,733	6416257,465	7,05
A_73_Fs	417270,680	6416251,077	8,15
A_71_Rs	417254,623	6416281,948	8,3
A_66_Qs	417232,836	6416273,620	9,4
A_60_Qs	417205,249	6416266,815	6,65
A_58_Os	417197,790	6416258,924	11,85
Vigne_1	417320,554	6416793,348	9,5
Vigne_2	417319,080	6416797,566	7,35
E_82_K	417328,763	6416637,972	3,85
E_82_M	417331,638	6416629,610	4,5
E_82_O	417333,122	6416623,496	6,95
E_82_Q	417334,990	6416615,183	5,95
E_82_S	417336,605	6416608,095	3,85
E_81_R	417329,846	6416608,252	5,45
E_81_N	417325,534	6416623,745	9,7
E_80_Q	417321,138	6416611,986	2,05
E_80_O	417319,495	6416619,889	5,25
E_80_M	417317,518	6416627,062	6,3
E_80_G	417311,583	6416650,969	4,2
E_80_E	417309,339	6416657,723	3,25
E_80_A	417305,537	6416673,950	4,7
E_79_H	417305,463	6416645,595	3,65
E_79_L	417309,305	6416630,331	2,1
E_79_N	417310,988	6416622,102	3,2
E_78_O	417305,682	6416616,618	4,25
E_78_K	417302,097	6416632,289	4,7
E_78_E	417294,906	6416655,772	5,05
E_77_D	417287,372	6416656,940	4,05
E_77_L	417295,075	6416625,193	2,2
E_77_N	417297,524	6416618,579	5,45
E_77_R	417301,576	6416604,567	5,15
E_76_S	417297,094	6416596,465	3,8
E_76_Q	417294,617	6416604,194	5,85
E_76_I	417286,613	6416634,959	2,85
E_76_G	417284,763	6416644,127	7
E_76_E	417282,526	6416651,291	4,8
E_76_C	417279,978	6416660,372	5,15
E_76_A	417278,469	6416666,464	3,9
E_75_T	417291,104	6416591,196	3,15
E_74_S	417282,687	6416593,228	6,25
E_74_A	417264,812	6416663,648	4,05
E_73_B	417259,100	6416658,483	4,2
E_73_D	417261,444	6416650,802	6,8
E_73_H	417265,302	6416634,963	2,5
E_73_J	417267,553	6416626,678	3,4
E_72_S	417268,486	6416589,973	3,4
E_72_M	417263,771	6416613,240	2,9
E_72_E	417255,500	6416645,353	3,95
E_71_B	417246,463	6416653,558	3,5
E_71_T	417263,588	6416583,839	2,25
E_70_E	417241,930	6416641,136	2,05
E_69_B	417231,912	6416650,650	4,85
E_69_D	417234,017	6416644,217	5,6
E_69_H	417238,087	6416628,678	3,75
E_69_N	417244,307	6416603,961	1,85
E_69_P	417245,693	6416596,095	2,6
E_68_Q	417240,652	6416589,935	2,95
E_68_G	417230,083	6416628,478	4,8
E_67_D	417220,824	6416638,950	4,4
E_67_F	417222,451	6416631,824	5,95
E_67_H	417223,514	6416624,640	8,35
E_67_J	417225,632	6416616,627	8,5
E_67_L	417227,415	6416608,468	5,5
E_67_P	417230,829	6416592,012	4,35
E_67_T	417237,077	6416577,341	4,2
E_66_Q	417226,707	6416586,521	2,35
E_66_O	417224,411	6416596,457	3,8
E_66_M	417222,703	6416602,425	4,3
E_66_I	417218,771	6416618,451	5,05
E_66_G	417216,925	6416625,293	4,45
E_66_E	417215,052	6416633,565	5,8
E_65_H	417212,012	6416620,416	3,45
E_65_J	417213,127	6416612,703	4,8
E_65_L	417214,887	6416605,650	5,45
E_65_P	417218,169	6416588,695	1
E_65_R	417220,886	6416581,845	4,8
E_64_Q	417212,642	6416583,242	2,85
E_64_O	417211,811	6416590,861	5,15
E_64_M	417208,263	6416598,915	3,85
E_63_F	417195,660	6416625,308	3,75
E_63_J	417199,631	6416608,962	4,75
E_63_N	417202,948	6416594,109	4,5
E_62_Q	417199,191	6416580,869	1,2
E_62_O	417197,655	6416587,644	2,15
E_62_K	417193,111	6416603,303	2,9
E_62_I	417192,100	6416611,434	3,05
E_62_E	417187,703	6416627,291	4,3
E_61_J	417185,512	6416605,134	2,1
E_60_M	417182,779	6416592,356	3,25
E_60_G	417175,856	6416615,785	3,55
E_59_H	417170,263	6416609,545	2,8
E_58_S	417174,030	6416565,503	2,45
E_57_D	417153,146	6416622,132	4,1
E_57_B	417151,239	6416630,198	3
E_54_B	417136,757	6416628,098	2,7
E_54_D	417139,167	6416620,801	4,25
E_54_F	417140,070	6416613,267	2,45
E_54_H	417142,709	6416604,304	2,05
E_54_L	417146,231	6416589,453	4,15
E_54_N	417147,733	6416581,566	2,75
E_54_T	417154,099	6416558,933	3,65
E_53_M	417140,818	6416584,509	2,45
E_53_K	417138,444	6416591,951	2,9
E_53_I	417136,672	6416599,942	4,55
E_53_G	417135,198	6416607,275	3,95
E_53_E	417133,385	6416614,465	3,85
E_53_C	417130,849	6416622,815	5,65
E_52_B	417123,903	6416625,130	2,6
E_52_D	417124,998	6416617,046	4,4
E_52_F	417126,567	6416610,021	4,85
E_52_H	417128,788	6416601,085	4,65
E_52_J	417130,683	6416593,995	4,45
E_52_L	417133,407	6416585,977	3,5
E_52_N	417135,211	6416578,375	4,7
E_52_R	417139,399	6416562,592	4,85
E_51_M	417126,980	6416580,443	1,15
E_51_K	417124,960	6416587,920	1,45
E_51_I	417123,428	6416596,139	5,65
E_51_G	417121,567	6416603,552	3,1
E_51_C	417117,590	6416619,464	3,9
E_50_B	417108,827	6416621,806	5,45
E_50_F	417112,870	6416606,620	3,95
E_50_L	417119,354	6416583,225	4,25
E_50_P	417123,168	6416567,762	4,35
E_49_S	417119,336	6416554,369	3
E_49_Q	417117,651	6416561,690	3,6
E_49_O	417115,600	6416569,699	5,15
E_49_K	417111,916	6416585,071	4,2
E_49_I	417110,284	6416592,452	5,8
E_49_G	417107,759	6416600,057	6,45
E_49_E	417106,257	6416608,480	2,8
E_49_C	417103,294	6416616,077	2,35
E_48_B	417095,312	6416617,864	3,95
E_48_D	417098,043	6416610,569	3,95
E_48_F	417099,558	6416602,522	6,6
E_48_H	417101,233	6416594,846	5,8
E_48_J	417103,339	6416586,910	1,85
E_48_L	417105,976	6416579,181	3,95
E_48_P	417109,812	6416563,253	3,6
E_48_R	417110,912	6416556,087	5
E_48_T	417112,862	6416548,438	3,6
E_47_S	417106,000	6416552,590	5,55
E_47_C	417090,033	6416611,931	7,4
E_47_A	417088,492	6416620,942	5,55
E_46_B	417082,991	6416614,217	5,05
E_46_J	417090,465	6416583,588	4,55
E_46_N	417094,256	6416569,060	6,1
E_46_R	417098,594	6416553,310	5,55
E_46_T	417100,128	6416545,235	4
E_45_I	417082,354	6416585,961	5,7
E_45_C	417077,249	6416608,826	5,4
E_45_A	417074,817	6416616,689	4,6
E_44_D	417071,287	6416603,601	4,55
E_44_H	417074,997	6416588,238	6,25
E_44_R	417085,194	6416548,946	4,4
E_44_T	417086,200	6416541,301	5,8
E_43_S	417078,428	6416543,569	3,1
E_43_Q	417077,825	6416551,028	4,5
E_43_O	417075,672	6416558,668	5,5
E_43_M	417073,503	6416566,553	4,85
E_43_G	417067,636	6416590,380	5,1
E_43_E	417065,347	6416597,211	4,85
E_43_C	417063,959	6416604,915	5,1
E_43_A	417061,620	6416612,692	2,15
E_42_B	417055,951	6416608,169	7,65
E_42_D	417057,480	6416599,983	2,7
E_42_F	417059,440	6416592,555	5,6
E_42_H	417061,705	6416584,892	4,4
E_42_J	417063,560	6416576,914	4,85
E_42_L	417066,101	6416568,348	4,8
E_41_Q	417063,619	6416548,086	4,85
E_41_O	417060,156	6416555,013	3,75
E_41_M	417059,777	6416563,542	5,6
E_41_I	417056,232	6416578,824	4,2
E_41_G	417053,854	6416586,360	6
E_41_E	417051,627	6416593,345	5,85
E_41_C	417049,678	6416601,513	7,05
E_41_A	417046,819	6416610,464	3,15
E_40_B	417042,493	6416603,784	4,2
E_40_F	417046,418	6416588,254	1,7
E_40_H	417048,703	6416581,034	0
E_40_J	417050,752	6416573,825	3,85
E_40_P	417055,691	6416549,334	3,35
E_40_R	417058,389	6416542,109	2,4
E_40_T	417060,347	6416533,836	4,55
E_39_S	417052,064	6416536,132	1,5
E_39_Q	417050,213	6416543,576	3,75
E_39_O	417047,057	6416552,837	4,3
E_39_K	417044,546	6416567,752	1,85
E_39_G	417039,948	6416582,931	3,95
E_39_E	417038,816	6416589,999	3,3
E_39_C	417037,522	6416598,783	6,8
E_39_A	417033,759	6416606,247	4,25
E_38_B	417028,298	6416600,747	1,5
E_38_F	417032,781	6416585,532	5,45
E_38_L	417038,790	6416562,838	3,9
E_38_N	417040,237	6416553,917	0,95
E_38_R	417044,970	6416538,450	4,45
E_38_T	417046,110	6416530,468	2,8
E_37_S	417038,699	6416533,213	4,3
E_37_Q	417036,624	6416540,369	3,65
E_37_E	417023,620	6416588,987	3,15
E_37_C	417023,974	6416594,619	4,6
E_37_A	417019,496	6416603,194	4,9
E_36_F	417019,278	6416581,436	2,4
E_36_P	417029,061	6416542,980	2,9
E_36_T	417033,792	6416526,501	3,45
E_35_U	417026,579	6416522,089	3,7
E_35_K	417016,976	6416559,420	3,05
E_35_I	417015,630	6416568,607	6,2
E_35_G	417013,647	6416575,166	6
E_35_E	417011,043	6416583,344	4,75
E_35_C	417008,750	6416592,248	6
E_35_A	417007,101	6416599,519	6,25
E_34_D	417002,906	6416586,463	4,1
E_34_F	417005,378	6416578,612	5,15
E_34_H	417007,577	6416570,779	4,65
E_34_J	417009,833	6416563,424	4,35
E_34_R	417017,405	6416531,338	3,1
E_34_T	417019,368	6416523,354	4,95
