Tree \ Buffer radius (m)	2.5	5.0	7.5	10.0	12.5	15.0	17.5	20.0	22.5	25.0	27.5	30.0	32.5	35.0	37.5	40.0	42.5	45.0	47.5	50.0
A_44_Qs	19.63	78.53	108.49	127.77	144.21	171.37	212.99	248.62	256.09	256.09	256.09	256.09	262.74	289.69	330.44	370.9	386.18	386.18	386.18	386.18
A_42_Qs	19.63	59.48	104.03	159.91	215.48	242.8	255.9	256.09	256.09	256.09	256.09	256.75	282.32	322.61	362.68	384.03	386.18	386.18	386.18	386.18
A_41_Ns	19.63	78.53	100.08	119.41	143.57	182.28	219.77	245.77	256.09	256.09	259.25	290.29	329.55	361.3	383.0	386.18	386.18	386.18	386.18	386.18
A_44_Ks	19.63	32.67	32.67	38.33	72.43	133.84	214.57	290.02	347.82	379.85	386.18	386.18	386.18	386.18	386.18	386.18	399.7	424.81	452.64	476.91
A_45_Ds	19.63	78.53	105.8	123.81	130.09	130.09	130.09	141.19	172.81	204.35	232.3	270.17	311.26	373.72	437.03	471.38	484.7	484.7	484.7	484.7
A_41_Ds	19.63	49.63	73.46	102.1	126.73	130.09	130.15	141.75	167.75	197.07	240.43	290.57	338.59	393.93	435.8	464.18	483.77	484.7	484.7	484.7
A_45_E	19.63	78.53	98.52	98.52	98.52	98.52	98.52	98.52	113.1	148.28	190.43	224.4	240.59	267.16	298.86	330.52	355.65	371.07	386.71	392.99
A_42_J	19.63	78.53	131.71	131.71	131.71	131.71	131.71	131.71	131.71	131.71	131.71	131.71	136.52	158.01	185.3	212.21	230.13	230.23	230.23	230.23
Port_3_M	19.63	43.14	59.38	65.19	80.66	99.59	114.22	131.71	144.24	150.69	159.44	159.44	159.44	159.49	173.3	194.02	212.59	216.19	216.19	216.19
Port_3_O	19.63	43.13	72.74	95.69	111.19	128.19	143.37	151.46	159.44	159.44	159.44	159.86	174.6	195.43	213.53	216.19	216.19	216.19	216.19	216.19
Port_2_V	19.63	52.7	79.93	106.47	124.18	150.06	159.44	159.44	159.44	167.9	187.58	207.87	216.19	216.19	216.19	216.19	216.19	216.19	216.19	216.19
Port_2_X	19.63	48.76	68.3	83.08	98.3	116.73	133.65	154.38	182.49	203.42	216.19	216.19	216.19	216.19	216.19	216.19	216.19	216.19	216.19	216.19
Port_3_U	15.2	15.2	15.2	24.72	63.03	113.4	150.59	168.81	183.65	197.37	212.74	216.19	216.19	216.19	216.19	216.19	216.19	216.19	216.19	216.19
Port_3_CC	19.63	56.74	56.74	56.74	58.13	68.32	71.95	73.35	87.82	108.38	130.3	148.21	160.05	175.65	188.58	204.3	216.19	216.19	216.19	216.19
A_55_S1	19.63	78.53	115.66	120.62	120.62	120.62	120.62	120.62	120.62	120.62	120.62	120.62	120.62	120.62	120.62	120.62	120.62	120.62	120.62	124.95
A_55_S2	19.63	78.53	115.16	120.62	120.62	120.62	120.62	120.62	120.62	120.62	120.62	120.62	120.62	120.62	120.62	120.62	120.62	120.62	120.7	133.53
A_59_C	19.63	41.28	41.28	41.28	41.28	41.28	41.28	41.28	41.28	41.5	53.27	68.05	79.81	87.99	105.86	138.61	166.07	185.7	219.51	280.86
A_64_Cs	19.63	29.22	29.22	40.04	59.09	76.49	86.65	89.87	91.72	110.25	145.62	195.95	237.99	263.07	266.42	280.65	315.01	371.13	431.95	488.21
A_65_Fs	19.63	48.39	48.39	53.34	74.33	96.35	106.52	140.36	180.83	209.38	223.99	230.56	254.61	298.99	354.15	411.36	466.21	523.23	568.87	586.82
A_62_Gs	12.25	12.25	13.16	27.91	61.95	106.86	158.4	184.36	185.81	185.81	198.22	250.4	340.9	424.69	467.69	480.55	480.55	480.96	495.52	523.24
A_62_Js	19.63	60.69	78.49	89.24	99.29	108.05	113.28	155.79	219.33	287.42	358.04	417.75	438.8	439.26	439.26	448.33	465.92	489.55	510.0	543.57
A_62_Ms	19.63	48.78	70.64	87.86	87.89	97.82	142.78	197.58	258.49	327.1	374.46	395.51	423.74	438.23	439.26	439.26	450.53	475.77	511.15	537.71
A_65_Hs	8.04	8.04	8.04	16.81	52.81	119.52	182.91	214.06	247.12	283.34	294.24	303.55	337.44	388.85	456.0	520.76	545.71	558.79	576.55	586.82
A_68_Ks	19.63	39.03	39.03	39.03	39.03	40.26	52.08	84.92	145.32	213.09	277.68	336.85	390.13	400.52	400.52	400.52	411.09	431.29	461.0	489.43
A_73_Fs	19.63	52.16	52.16	52.16	52.16	52.16	52.16	52.16	62.1	79.34	91.2	91.2	103.04	139.27	180.5	210.02	242.53	273.81	296.69	329.52
A_71_Rs	19.63	54.1	54.1	54.1	54.1	54.1	54.1	59.85	81.13	118.92	154.74	162.54	170.57	189.63	214.02	222.75	234.21	276.5	325.32	359.38
A_66_Qs	19.63	69.39	69.39	69.39	69.39	69.39	69.39	80.78	136.09	198.09	247.54	283.8	311.32	355.53	401.24	430.73	471.8	513.56	543.16	545.54
A_60_Qs	19.63	34.78	48.4	73.37	103.57	139.49	168.95	191.81	212.7	236.0	257.91	281.65	314.94	322.61	323.24	337.82	369.38	400.5	418.26	446.5
A_58_Os	19.63	78.53	110.28	120.96	137.39	145.01	145.6	162.61	193.03	219.88	232.91	233.48	242.4	255.16	282.29	307.72	340.75	360.33	384.3	416.41
Vigne_1	19.63	72.84	91.3	93.7	93.7	93.7	93.7	93.7	93.7	93.7	93.7	93.7	93.7	93.7	93.7	93.7	93.7	93.7	93.7	93.7
Vigne_2	19.63	55.46	81.75	93.7	93.7	93.7	93.7	93.7	93.7	93.7	93.7	93.7	93.7	93.7	93.7	93.7	93.7	93.7	93.7	93.7
E_82_K	11.64	11.64	13.7	24.75	45.29	92.67	147.86	178.47	210.75	243.32	270.26	299.45	328.52	334.55	357.24	377.0	403.58	448.99	490.11	515.91
E_82_M	15.9	28.85	63.99	109.92	139.84	178.29	215.63	222.59	253.29	267.7	269.53	301.34	323.55	331.88	357.65	373.68	380.95	405.23	444.97	472.11
E_82_O	19.63	48.09	87.09	130.1	156.23	193.39	246.5	256.19	261.18	266.41	271.43	281.24	291.61	318.63	357.7	371.51	388.12	409.03	420.07	437.12
E_82_Q	19.63	27.8	49.75	94.46	130.52	170.78	208.71	221.61	238.67	259.17	264.62	276.08	281.89	292.33	323.94	346.09	382.12	409.73	409.73	418.73
E_82_S	11.64	15.44	40.49	62.31	63.02	77.5	113.93	151.92	196.38	217.53	232.3	253.45	272.56	288.9	302.26	315.39	359.92	383.6	387.34	410.89
E_81_R	19.63	23.47	38.15	58.68	71.72	111.18	163.3	196.9	226.38	255.42	271.73	292.45	306.83	338.12	373.82	385.41	389.81	401.17	418.43	436.8
E_81_N	19.63	74.77	110.82	164.27	191.68	225.35	250.03	267.45	280.24	290.64	305.47	336.93	369.29	376.04	393.7	416.28	426.98	452.62	480.46	499.99
E_80_Q	3.3	3.3	12.12	47.84	85.34	152.38	230.59	261.8	288.98	305.55	342.64	382.48	385.41	385.44	398.83	410.58	436.7	451.75	471.37	496.64
E_80_O	19.63	35.23	71.59	121.58	144.24	193.05	248.98	270.13	314.18	341.68	350.19	371.49	399.1	410.01	416.04	429.5	457.37	497.29	522.94	547.22
E_80_M	19.63	35.06	64.38	109.69	133.35	168.34	222.71	246.62	293.35	333.21	356.87	372.6	396.84	421.51	458.75	481.89	498.17	519.19	534.87	575.07
E_80_G	13.85	13.85	21.77	32.61	32.61	32.8	43.05	57.67	86.7	125.65	175.12	247.97	314.65	386.2	432.25	440.57	454.35	472.1	504.04	573.16
E_80_E	8.29	8.29	16.41	22.15	27.21	45.93	64.94	70.01	78.39	86.0	127.6	183.01	224.42	261.03	305.77	358.16	419.56	445.39	468.05	508.56
E_80_A	17.34	17.34	17.34	17.34	17.34	17.34	24.02	30.28	44.27	64.2	81.52	110.26	125.54	143.49	160.59	173.33	197.85	223.94	238.84	286.32
E_79_H	10.46	10.46	14.39	23.95	31.17	58.45	73.85	91.34	142.47	195.32	236.98	322.28	379.64	414.03	435.84	448.03	501.94	573.62	609.51	640.52
E_79_L	3.46	3.46	19.4	50.66	61.81	102.24	160.22	197.72	246.51	278.51	328.35	406.86	460.09	488.91	513.25	515.19	538.06	580.9	606.16	627.99
E_79_N	8.04	8.04	28.13	68.1	100.81	150.9	187.76	213.72	262.25	339.83	376.98	408.09	423.38	442.51	479.67	508.45	543.3	560.9	567.82	587.33
E_78_O	14.18	14.18	23.81	41.72	56.73	105.29	161.45	198.32	230.22	263.11	302.84	362.6	422.41	467.16	491.56	508.41	546.03	570.42	582.04	588.58
E_78_K	17.34	17.34	19.09	22.7	28.47	67.2	107.97	136.76	190.19	240.01	311.66	389.09	422.14	455.53	513.56	538.78	584.33	636.04	662.38	687.72
E_78_E	19.63	20.02	25.6	32.91	39.76	83.64	128.44	154.03	173.62	189.17	195.96	201.95	223.84	251.87	311.66	359.03	404.94	448.82	486.96	525.23
E_77_D	12.88	12.88	36.71	70.45	89.74	115.16	122.26	123.03	144.02	182.37	221.61	255.28	266.48	281.51	293.13	308.95	346.57	376.92	403.03	444.25
E_77_L	3.8	5.15	16.98	35.44	48.76	65.17	76.13	96.13	156.71	213.07	242.55	303.61	370.38	429.62	492.61	551.45	595.33	646.26	665.68	693.98
E_77_N	19.63	23.32	29.26	40.23	44.89	86.36	117.6	128.3	164.41	196.48	237.99	308.62	362.21	410.19	500.69	553.71	582.04	590.67	614.17	642.86
E_77_R	19.63	23.16	36.35	55.93	66.31	86.7	101.99	112.08	142.24	169.08	210.51	269.56	300.69	349.35	397.01	434.31	472.42	501.82	517.82	535.81
E_76_S	11.34	11.34	24.36	55.98	69.14	82.96	96.64	99.13	120.41	135.03	135.03	155.67	171.15	202.62	267.51	314.91	370.21	411.5	441.56	479.95
E_76_Q	19.63	28.01	42.38	59.04	61.18	88.15	123.41	135.09	138.83	145.09	151.72	185.9	229.39	278.05	323.78	363.84	428.26	487.13	508.77	542.98
E_76_I	6.37	6.37	12.29	28.69	44.98	54.92	77.85	99.41	148.62	173.67	203.61	246.81	321.3	383.8	429.77	468.63	527.35	595.35	628.48	670.21
E_76_G	19.63	38.48	46.89	61.47	66.91	84.59	107.86	123.19	160.18	193.81	230.07	286.16	298.54	320.4	357.11	389.7	435.34	494.89	525.66	593.21
E_76_E	18.09	20.72	43.0	78.21	96.61	111.69	127.07	139.69	166.96	201.35	227.42	267.65	281.21	299.86	320.91	329.26	365.23	386.77	414.34	502.84
E_76_C	19.63	22.02	35.41	56.74	63.75	80.48	117.45	148.79	176.3	185.45	195.38	232.72	249.86	272.92	293.8	298.67	302.81	315.18	336.37	389.77
E_76_A	11.94	15.43	27.82	32.77	37.93	61.45	75.96	92.28	136.49	171.21	191.13	203.5	222.22	249.75	265.27	271.05	289.73	300.55	306.85	336.03
E_75_T	7.79	7.79	18.69	41.75	57.18	72.66	89.43	97.52	101.47	106.6	115.23	141.39	148.09	154.47	168.08	179.34	219.49	283.53	327.13	378.71
E_74_S	19.63	30.67	31.24	38.19	38.47	56.96	79.29	86.88	102.31	110.57	115.97	132.02	146.23	158.05	169.22	177.12	197.41	225.55	260.52	324.17
E_74_A	12.88	12.88	18.56	26.86	39.56	72.66	94.41	103.31	132.95	149.02	164.57	190.74	211.09	227.84	263.8	274.52	285.38	311.77	328.18	371.33
E_73_B	13.85	14.45	32.08	56.65	66.18	83.26	84.92	92.62	114.57	135.76	163.64	214.33	240.65	253.83	280.41	286.47	303.2	331.89	369.61	436.42
E_73_D	19.63	36.31	44.33	62.26	65.62	78.72	89.81	99.53	136.81	173.26	209.66	241.19	264.15	280.58	292.22	307.32	330.97	387.44	445.39	534.36
E_73_H	4.9	4.9	5.93	13.59	14.19	31.61	51.72	71.15	103.09	141.83	164.89	197.07	230.72	269.88	333.01	363.82	431.19	550.31	644.94	723.75
E_73_J	9.07	9.07	9.2	13.98	13.98	19.99	20.59	21.64	42.93	79.74	114.97	148.12	176.21	231.04	328.64	409.56	509.77	615.63	680.5	740.26
E_72_S	9.07	9.07	10.24	13.05	16.17	30.4	43.42	43.73	47.48	63.25	68.1	95.66	112.56	127.13	155.4	177.23	193.92	225.95	272.94	325.18
E_72_M	6.6	6.6	6.6	6.6	6.87	14.38	15.68	15.68	23.22	35.88	52.4	77.4	113.4	173.03	270.71	376.79	474.17	585.13	646.16	728.94
E_72_E	12.25	12.77	25.0	41.97	56.6	77.58	80.25	88.52	118.02	148.51	175.65	222.8	266.07	307.1	350.97	398.74	461.36	519.84	554.46	595.93
E_71_B	9.62	9.62	9.62	9.62	21.22	71.71	111.55	121.13	130.47	132.5	146.04	167.39	197.17	253.85	317.69	382.57	441.95	487.75	518.91	551.89
E_71_T	3.97	3.97	7.13	13.05	13.05	13.05	13.05	20.24	40.3	55.66	65.21	85.14	89.02	104.12	131.61	145.74	176.48	227.02	255.67	289.88
E_70_E	3.3	3.3	9.45	23.13	36.87	72.18	88.89	110.78	160.93	218.8	266.18	322.44	371.09	400.99	428.16	442.45	493.71	563.08	598.76	629.76
E_69_B	18.47	21.04	33.88	43.1	43.1	54.41	69.17	78.73	112.4	164.43	203.68	258.62	297.33	334.99	383.37	391.71	416.08	450.1	465.76	531.26
E_69_D	19.63	25.88	36.77	46.4	47.27	67.9	112.87	141.56	183.78	221.83	267.78	325.43	369.19	384.04	417.44	441.76	463.59	497.33	510.44	587.69
E_69_H	11.04	11.04	17.13	28.3	35.95	79.91	147.95	198.62	261.32	319.18	346.25	384.19	433.56	472.26	498.12	514.27	533.41	574.09	599.15	675.1
E_69_N	2.68	2.68	4.03	7.99	7.99	13.2	31.45	62.31	106.56	139.49	188.91	261.0	322.19	379.03	435.87	471.11	533.34	580.92	599.38	653.56
E_69_P	5.3	5.3	7.74	14.83	14.83	20.25	29.61	36.58	77.87	112.45	138.44	172.58	209.63	279.26	368.73	419.79	458.01	491.66	520.86	591.42
E_68_Q	6.83	6.83	8.24	19.05	31.27	46.41	53.41	62.39	93.65	119.15	131.66	184.26	226.41	265.75	312.58	367.69	424.56	472.77	503.77	524.83
E_68_G	18.09	23.52	52.8	102.59	141.21	205.29	261.69	289.48	321.61	342.43	363.95	392.45	411.06	430.11	493.58	531.75	585.02	619.97	634.85	660.46
E_67_D	15.2	16.58	38.96	66.36	85.53	143.49	192.23	221.21	267.43	289.8	312.39	341.37	363.3	395.78	437.34	454.06	492.34	533.26	555.78	613.04
E_67_F	19.63	35.49	80.97	144.98	165.34	202.44	256.01	286.65	317.32	337.98	361.43	387.26	406.83	436.94	477.54	484.75	534.91	591.13	628.81	650.04
E_67_H	19.63	59.87	114.35	176.59	212.05	250.67	287.34	304.79	338.45	361.47	383.34	426.99	438.81	466.0	522.2	554.34	571.67	613.3	637.26	673.76
E_67_J	19.63	59.61	92.43	135.73	177.57	241.89	283.98	310.69	337.14	362.04	392.79	439.39	479.61	515.69	544.11	564.31	601.13	621.7	626.97	659.74
E_67_L	19.63	26.15	48.09	78.0	116.24	168.95	212.46	260.48	318.04	360.5	402.42	453.36	475.5	498.89	540.54	549.38	563.2	599.92	627.91	641.7
E_67_P	14.86	14.86	22.62	33.73	42.88	71.55	107.32	140.11	171.55	203.79	243.74	285.64	308.35	357.05	415.98	453.77	474.64	498.08	520.57	554.7
E_67_T	13.85	13.85	13.85	13.85	15.51	29.51	50.6	59.02	68.01	78.18	91.54	117.2	135.45	163.49	195.28	228.62	261.23	300.66	339.15	394.61
E_66_Q	4.33	4.73	22.64	42.77	50.99	79.72	107.55	114.18	149.88	185.37	202.33	236.89	272.14	304.2	344.93	380.89	423.87	466.14	498.13	521.86
E_66_O	11.34	13.37	29.21	43.42	68.85	115.59	154.28	193.32	254.43	292.19	324.3	370.63	404.78	434.46	468.08	489.54	522.57	543.23	557.9	583.17
E_66_M	14.52	15.81	40.52	67.86	89.91	146.61	206.23	238.34	305.69	360.27	388.35	433.23	475.77	493.8	513.31	519.02	543.01	574.31	587.39	612.61
E_66_I	19.63	33.32	90.9	154.64	194.08	253.77	301.95	315.81	356.82	383.95	398.61	454.08	490.76	518.8	557.54	564.28	568.15	600.21	625.93	641.05
E_66_G	15.58	27.34	78.36	147.36	192.4	245.77	263.63	288.93	333.58	367.4	392.86	437.61	459.62	488.67	516.58	524.06	560.33	592.35	601.47	632.89
E_66_E	19.63	27.0	47.23	89.53	113.44	153.07	191.6	223.54	281.31	321.71	352.93	401.47	424.21	436.14	455.31	473.11	509.49	545.19	557.45	597.38
E_65_H	9.34	10.54	37.87	71.15	111.04	188.29	265.48	313.38	364.6	379.1	413.33	444.36	469.3	495.64	536.42	557.34	582.99	589.76	593.47	612.49
E_65_J	18.09	18.85	40.15	73.25	103.16	190.51	250.24	290.92	371.85	410.26	428.61	474.02	498.64	508.0	541.28	561.11	582.74	603.61	603.61	605.09
E_65_L	19.63	23.44	35.86	62.27	90.54	163.08	228.87	274.99	324.28	368.51	415.76	465.29	483.03	517.84	540.0	544.91	560.14	579.31	591.34	607.26
E_65_P	0.78	2.7	25.83	56.01	66.85	97.86	128.82	145.25	174.62	203.04	234.74	286.9	322.17	351.81	394.49	417.73	443.83	489.69	515.51	542.32
E_65_R	18.09	18.09	21.62	29.59	38.83	66.06	86.26	97.25	135.11	158.56	179.76	197.54	218.64	260.57	302.87	335.46	372.92	408.07	432.72	477.9
E_64_Q	6.37	6.37	19.88	43.63	46.3	62.07	86.02	101.64	130.84	152.62	169.18	215.72	244.64	276.35	324.25	352.27	382.08	415.59	439.97	491.78
E_64_O	19.63	20.83	25.75	48.07	64.06	101.05	131.43	145.32	179.96	208.61	234.69	304.96	337.99	373.41	406.77	430.94	469.41	523.83	547.78	558.8
E_64_M	11.64	11.69	25.94	57.46	77.17	110.0	148.97	161.51	224.4	280.64	324.36	369.13	392.34	437.68	506.89	529.65	547.67	557.21	558.74	563.62
E_63_F	11.04	11.04	14.99	24.94	25.56	32.23	50.73	71.21	121.95	160.48	212.51	296.11	347.71	396.02	440.94	462.02	495.25	540.63	558.06	582.13
E_63_J	17.72	17.72	20.31	31.57	36.68	73.69	116.27	129.98	171.33	233.65	299.95	387.27	434.21	469.3	509.86	517.48	520.34	532.62	547.45	584.49
E_63_N	15.9	15.9	24.16	43.9	52.7	74.86	100.65	120.81	174.84	191.36	211.9	264.01	301.8	354.91	411.19	454.56	495.57	531.17	539.94	558.06
E_62_Q	1.13	1.13	4.04	4.76	7.47	28.82	44.1	58.29	82.37	93.29	103.42	143.88	177.82	203.35	219.54	242.68	297.02	342.2	384.45	436.77
E_62_O	3.63	3.63	8.57	19.25	21.78	40.75	74.12	76.89	95.31	127.32	149.96	183.0	199.36	224.31	277.95	325.89	382.95	426.29	450.6	494.72
E_62_K	6.6	6.6	12.47	32.07	38.63	55.95	74.32	77.96	126.04	176.78	191.02	215.79	254.33	316.79	392.02	453.62	482.6	515.81	536.85	561.73
E_62_I	7.3	7.3	14.89	34.42	35.12	44.41	64.8	84.87	138.53	162.16	185.32	222.65	280.49	358.1	431.64	465.26	508.57	533.33	538.08	555.37
E_62_E	14.52	14.52	17.26	25.5	25.56	25.91	40.3	43.73	56.61	75.47	97.75	132.75	161.2	235.84	334.71	376.13	422.24	470.36	489.22	540.24
E_61_J	3.46	3.46	5.73	16.19	19.94	43.78	59.44	64.44	93.36	115.24	122.44	160.52	188.92	199.14	240.63	294.47	392.09	481.81	532.01	594.7
E_60_M	8.29	8.29	8.29	8.29	8.88	15.41	21.99	29.63	55.49	75.28	93.55	111.6	124.5	149.35	202.59	227.46	273.94	316.99	379.46	476.57
E_60_G	9.89	9.89	10.63	16.05	16.05	20.26	36.33	41.47	57.5	86.71	98.91	105.27	105.31	117.99	168.6	205.25	283.82	365.79	427.64	541.79
E_59_H	6.15	6.15	7.96	15.89	16.05	16.19	19.51	21.76	44.2	62.45	72.79	100.29	129.22	159.88	206.67	235.47	285.08	373.59	430.63	498.76
E_58_S	4.71	4.71	4.71	4.71	4.71	4.71	4.71	6.47	14.73	15.17	16.96	25.42	32.8	45.08	63.21	80.24	111.93	141.7	167.39	214.28
E_57_D	13.2	13.2	14.39	20.27	21.36	31.66	42.14	47.97	82.19	112.14	125.1	159.88	181.83	218.91	257.75	281.23	327.21	365.13	389.46	432.77
E_57_B	7.06	7.06	10.23	19.69	20.27	29.68	40.18	45.25	62.86	80.05	93.25	129.54	149.17	173.2	203.2	222.11	263.64	313.5	345.68	375.31
E_54_B	5.72	5.72	20.82	42.72	46.45	68.61	93.47	112.36	141.73	147.37	164.16	205.13	221.53	249.47	283.65	311.39	363.76	417.33	468.33	551.96
E_54_D	14.18	14.18	26.22	55.06	62.8	95.05	130.57	140.21	169.0	186.16	197.07	242.58	280.0	299.18	339.53	370.54	423.38	488.07	525.75	571.74
E_54_F	4.71	4.82	24.14	45.67	59.07	107.19	151.48	165.08	202.97	237.42	256.46	280.17	301.04	351.53	412.78	437.94	477.74	516.21	545.03	611.36
E_54_H	3.3	3.3	14.73	35.62	40.35	74.89	119.96	153.15	215.21	246.19	265.22	300.3	323.23	359.37	413.41	436.11	499.45	569.99	600.93	634.09
E_54_L	13.52	13.52	19.0	30.78	33.97	61.08	89.44	99.25	127.44	147.16	178.3	223.77	261.83	313.32	385.2	444.43	500.07	539.14	576.59	627.34
E_54_N	5.93	5.93	12.43	24.08	30.56	51.88	57.75	68.24	103.73	124.11	151.44	201.65	216.7	251.91	314.53	347.88	411.71	484.73	534.31	595.97
E_54_T	10.46	10.46	10.46	10.46	10.46	18.66	28.87	29.16	34.1	39.92	49.95	62.69	81.25	102.51	122.02	134.99	174.72	228.52	260.6	307.36
E_53_M	4.71	4.71	25.75	56.1	59.67	74.78	90.38	109.4	158.47	191.96	208.4	264.02	307.87	341.22	406.53	473.33	532.65	580.9	636.75	702.39
E_53_K	6.6	6.6	24.98	64.55	73.57	117.73	146.9	156.96	191.69	206.43	231.7	311.85	374.62	429.09	494.81	532.54	578.66	630.93	656.47	704.52
E_53_I	16.25	16.25	34.35	68.84	78.08	132.16	167.91	176.83	221.6	260.43	309.81	369.35	388.29	429.53	515.9	563.64	581.31	608.71	649.2	697.17
E_53_G	12.25	12.25	32.13	74.51	87.12	136.4	181.62	197.97	246.53	270.25	292.84	371.61	413.39	442.88	484.13	512.94	561.58	602.87	635.86	677.57
E_53_E	11.64	11.64	37.08	89.6	102.97	136.2	165.91	182.77	226.05	256.01	282.15	327.11	361.2	402.87	476.48	513.46	536.46	576.86	617.87	648.49
E_53_C	19.63	25.07	37.71	73.29	83.59	110.18	123.26	127.19	175.96	219.21	238.79	273.79	297.36	329.72	392.89	444.0	513.96	573.06	598.71	615.98
E_52_B	5.3	6.2	24.31	55.88	58.71	91.19	127.76	135.63	164.91	187.49	210.14	280.63	338.32	391.4	460.76	497.64	542.18	574.43	582.87	633.35
E_52_D	15.2	15.46	39.61	82.49	88.24	120.11	171.45	197.72	241.46	273.74	308.17	375.49	423.46	484.65	539.58	564.27	594.65	611.26	635.35	689.8
E_52_F	18.47	18.47	33.52	74.07	97.02	160.02	207.57	231.22	280.87	320.09	360.74	440.9	486.14	516.38	548.09	581.74	616.16	657.3	672.99	730.56
E_52_H	16.98	17.95	48.9	103.5	113.57	136.15	169.84	210.34	299.34	358.78	387.7	443.59	495.66	531.36	554.65	589.68	643.75	678.41	726.92	796.26
E_52_J	15.55	15.88	42.19	88.78	94.05	126.08	173.68	201.63	262.59	295.75	336.05	420.93	472.37	521.52	569.24	580.44	639.38	701.89	741.28	798.24
E_52_L	9.62	9.62	23.98	54.61	64.17	113.9	147.06	155.32	202.84	255.71	297.11	352.07	392.24	443.68	509.63	552.85	615.58	693.64	721.74	772.55
E_52_N	17.34	17.34	21.34	32.72	34.49	59.56	111.41	133.27	173.73	217.86	244.7	300.96	333.6	377.7	435.57	482.25	545.25	622.08	677.13	726.04
E_52_R	18.47	18.47	18.47	18.47	18.47	25.79	51.96	62.21	85.56	108.75	130.17	177.44	204.54	234.0	283.88	323.53	365.89	416.6	449.07	494.17
E_51_M	1.03	1.03	10.88	40.88	49.28	90.07	137.4	169.01	247.38	284.32	315.37	386.81	422.69	488.59	570.63	602.12	648.2	707.18	752.49	800.9
E_51_K	1.65	1.65	21.0	60.83	75.32	125.22	169.51	204.62	289.69	340.28	373.87	438.12	469.56	529.6	609.06	650.25	726.43	786.99	806.47	861.19
E_51_I	19.63	25.08	44.12	66.8	79.7	153.96	219.38	241.32	305.91	370.71	421.73	501.31	520.69	551.48	613.26	661.38	721.34	776.0	818.47	889.37
E_51_G	7.54	7.74	31.39	74.36	92.13	153.45	222.26	253.76	354.07	419.58	442.04	488.84	518.73	558.88	613.79	648.79	693.18	750.41	792.75	848.66
E_51_C	11.94	11.94	21.34	48.48	69.45	107.98	138.09	151.62	225.62	288.37	351.0	431.39	467.74	499.16	549.89	559.97	601.55	644.63	669.77	711.21
E_50_B	19.63	23.32	24.91	36.93	40.59	64.26	97.79	142.77	233.9	292.86	330.56	405.62	453.34	491.76	536.08	552.65	593.86	652.23	689.25	747.17
E_50_F	12.25	12.25	26.8	50.27	73.24	159.4	254.52	278.1	346.89	416.58	458.93	512.98	554.16	581.46	641.47	695.38	755.85	813.56	839.17	884.23
E_50_L	14.18	14.18	21.1	30.73	50.75	116.38	169.24	203.48	274.04	313.29	368.96	477.39	511.51	561.9	629.37	678.73	754.53	811.45	849.06	925.42
E_50_P	14.86	14.86	25.38	45.05	46.12	70.09	115.68	143.72	187.24	207.68	252.34	327.54	373.68	433.34	489.12	509.82	564.0	623.89	666.98	736.18
E_49_S	7.06	7.06	16.73	42.39	58.2	95.03	114.71	127.91	161.75	172.35	186.51	232.05	257.1	291.83	330.69	363.2	434.49	498.42	558.64	625.36
E_49_Q	10.17	10.17	29.98	75.28	83.93	103.7	117.07	129.0	179.47	236.98	261.78	276.94	295.2	347.07	429.5	486.77	570.52	647.59	682.04	724.85
E_49_O	19.63	20.83	29.82	55.16	60.59	95.47	124.86	147.18	209.62	268.48	311.66	380.19	418.76	463.19	537.07	598.14	673.64	738.5	777.89	838.23
E_49_K	13.85	14.35	34.21	67.7	72.08	111.61	165.02	197.56	287.27	360.17	391.26	454.94	514.94	603.7	720.2	763.39	836.2	933.57	994.77	1077.03
E_49_I	19.63	26.67	47.15	86.68	117.14	173.74	213.43	228.53	277.01	322.16	391.26	527.08	589.39	640.12	734.87	806.95	879.89	941.27	985.24	1061.9
E_49_G	19.63	32.67	61.53	121.02	138.29	165.73	197.85	232.51	328.56	394.84	426.29	510.98	589.13	661.91	745.44	787.68	828.11	871.6	929.03	1026.59
E_49_E	6.15	6.23	32.59	81.29	109.78	161.7	228.58	273.35	330.78	382.44	418.7	502.78	557.26	607.67	662.7	695.57	765.92	834.87	860.64	925.3
E_49_C	4.33	4.33	22.47	56.2	77.74	142.13	202.57	230.77	277.66	321.24	369.01	434.09	469.64	517.97	603.42	648.36	700.48	737.57	780.96	872.25
E_48_B	12.25	14.43	44.9	87.32	107.19	146.6	172.19	203.78	262.85	296.05	311.12	351.42	392.0	468.48	569.8	642.46	712.12	775.54	824.76	898.24
E_48_D	12.25	13.53	45.35	96.11	120.5	175.68	242.22	261.52	298.68	332.62	371.09	453.8	510.7	583.76	662.64	698.34	774.18	859.98	900.35	991.51
E_48_F	19.63	34.23	55.99	100.94	128.1	174.85	211.88	234.36	311.85	386.82	447.85	525.49	564.29	628.88	719.14	766.22	841.64	936.09	1015.58	1135.72
E_48_H	19.63	27.19	52.28	100.41	122.51	144.82	191.37	223.03	287.67	337.15	411.59	533.14	595.67	661.18	739.44	824.17	929.69	1026.75	1103.87	1220.26
E_48_J	2.68	2.68	20.76	67.61	93.13	130.44	168.74	206.16	274.03	321.76	368.48	448.97	524.1	640.95	777.71	857.83	968.92	1073.14	1127.96	1209.39
E_48_L	12.25	12.25	15.58	27.87	39.9	96.0	157.78	188.22	239.74	307.6	379.45	454.94	504.96	570.21	664.71	751.78	890.93	1008.12	1063.08	1142.15
E_48_P	10.17	10.48	27.8	61.16	82.23	125.36	170.56	187.34	213.07	226.61	240.68	299.1	355.43	434.51	520.4	569.26	625.73	700.27	744.41	819.39
E_48_R	19.63	25.15	49.37	80.41	93.75	123.13	148.73	161.49	178.25	195.11	218.07	268.16	298.05	350.25	396.71	441.27	504.55	563.63	630.8	719.68
E_48_T	10.17	10.17	25.97	57.48	65.17	97.34	117.49	121.83	143.59	154.81	185.53	230.61	253.04	273.83	319.7	347.82	383.46	425.54	468.11	546.9
E_47_S	19.63	28.8	55.03	86.93	100.53	113.74	119.59	145.92	195.77	223.37	238.93	265.25	288.4	340.62	371.44	403.89	465.63	521.14	597.86	711.73
E_47_C	19.63	43.11	63.42	103.57	129.72	167.04	193.38	224.48	279.57	309.32	365.08	454.43	492.67	547.98	634.24	688.26	776.34	885.96	943.52	1022.38
E_47_A	19.63	24.19	42.21	78.53	100.04	124.32	148.95	172.23	206.43	229.85	256.13	318.14	354.61	416.31	521.39	583.82	647.62	739.43	805.13	881.4
E_46_B	19.63	23.98	56.99	112.55	131.31	147.42	167.41	187.67	223.01	260.16	348.46	450.14	506.31	558.32	623.16	666.58	742.73	811.68	884.24	981.11
E_46_J	16.25	16.25	22.91	36.87	42.99	77.37	129.54	157.98	210.76	270.73	351.32	499.27	588.42	715.17	855.16	928.69	1058.39	1179.05	1237.54	1285.57
E_46_N	19.63	29.22	29.22	29.22	29.22	45.98	83.9	130.09	218.18	285.6	355.81	454.82	508.89	573.91	642.81	692.23	811.79	935.86	1018.88	1104.72
E_46_R	19.63	24.67	38.85	60.28	70.9	109.18	151.38	178.95	218.15	248.91	273.53	301.38	315.88	349.46	401.87	451.4	541.07	612.37	654.35	746.26
E_46_T	12.56	12.56	22.0	48.08	66.18	100.52	131.79	136.01	163.96	198.01	225.1	250.13	267.62	295.47	316.26	339.68	411.73	474.33	519.45	591.97
E_45_I	19.63	26.23	41.84	67.82	72.45	80.45	92.03	134.85	242.2	330.98	434.16	561.34	648.08	748.14	878.04	943.64	1017.55	1145.21	1215.49	1315.08
E_45_C	19.63	22.9	40.65	74.71	94.64	130.8	173.04	222.5	312.4	378.92	431.6	511.57	577.11	642.14	699.54	727.21	807.25	889.22	929.8	1014.09
E_45_A	16.61	16.61	27.86	53.18	65.81	111.19	154.3	189.59	228.75	259.07	305.72	391.57	459.34	538.36	609.84	658.5	725.32	778.19	793.04	874.86
E_44_D	16.25	16.34	37.55	72.7	86.34	152.29	221.36	283.03	360.28	429.08	494.67	573.27	606.8	652.71	735.9	793.42	874.37	944.76	969.77	1004.92
E_44_H	19.63	30.82	49.93	74.82	84.71	123.43	173.87	215.79	296.25	344.62	458.4	612.69	680.92	737.33	859.36	912.51	984.46	1077.78	1155.23	1246.49
E_44_R	15.2	15.41	33.42	63.15	74.11	105.14	125.59	140.07	190.38	220.7	263.03	323.25	339.32	373.07	445.03	490.0	548.31	606.82	645.8	731.13
E_44_T	19.63	26.42	34.48	49.17	55.34	74.25	90.67	111.66	138.46	164.61	200.14	260.04	296.35	331.17	363.57	381.55	444.32	492.37	536.58	602.55
E_43_S	7.54	7.54	26.42	59.42	65.07	81.22	105.01	116.26	163.54	201.21	233.35	289.97	319.35	361.47	398.65	414.59	484.66	568.03	623.37	667.5
E_43_Q	15.9	15.9	34.63	60.5	73.77	101.82	125.88	150.53	205.95	257.7	285.28	322.68	349.37	413.24	494.46	541.34	616.13	669.86	703.67	780.44
E_43_O	19.63	23.75	34.76	56.4	64.57	98.76	142.12	171.82	223.0	260.11	290.62	397.47	463.68	510.11	578.5	631.32	691.48	773.31	836.66	943.51
E_43_M	18.47	18.47	33.75	57.33	65.22	92.42	121.94	159.27	248.76	325.65	372.2	443.05	488.83	555.16	642.93	709.76	805.22	930.64	1060.52	1188.54
E_43_G	19.63	21.47	54.3	101.61	117.63	186.8	253.87	295.93	362.81	431.56	472.69	560.73	633.19	727.69	810.46	866.08	942.88	1030.13	1063.62	1123.08
E_43_E	18.47	19.33	51.77	101.61	133.67	212.16	292.25	341.84	393.73	428.24	480.4	557.88	618.75	700.48	770.01	808.34	876.68	944.68	997.14	1074.26
E_43_C	19.63	20.64	49.4	95.52	127.48	186.35	249.86	302.82	361.8	395.4	459.78	540.2	573.14	632.95	694.12	744.23	799.45	852.43	916.34	999.34
E_43_A	3.63	8.94	32.39	63.48	77.66	127.63	177.71	216.41	271.69	304.53	376.32	472.94	508.44	550.22	601.12	646.08	714.75	767.0	819.97	876.94
E_42_B	19.63	45.96	60.27	101.36	123.92	164.78	213.77	252.16	329.81	381.07	411.08	454.57	500.09	579.13	643.45	663.32	709.88	765.31	821.67	880.7
E_42_D	5.72	7.95	61.38	149.36	189.75	243.1	290.81	320.47	385.99	444.99	484.55	529.04	560.74	609.17	688.54	738.59	787.98	844.39	893.65	996.65
E_42_F	19.63	24.67	63.75	128.77	160.81	230.06	300.3	340.06	402.76	459.46	507.15	567.32	609.69	646.01	706.61	766.13	857.97	942.46	980.7	1082.55
E_42_H	15.2	15.2	49.88	111.39	144.51	189.88	228.3	276.96	375.02	433.6	486.69	570.73	616.58	656.12	745.88	821.97	886.67	962.92	1038.95	1160.61
E_42_J	18.47	18.47	31.23	60.42	84.33	157.45	211.72	252.91	315.14	349.51	397.7	512.3	591.64	676.53	739.94	755.7	876.55	1003.84	1070.5	1209.55
E_42_L	18.09	18.09	37.5	72.81	85.44	115.89	147.47	175.32	251.45	319.13	384.88	473.47	509.79	563.73	656.98	726.09	827.58	931.2	1003.42	1143.69
E_41_Q	18.47	18.47	26.47	42.85	43.58	85.88	143.25	174.33	224.02	250.7	270.15	318.94	339.1	359.66	418.19	462.84	532.59	614.46	671.7	760.54
E_41_O	11.04	11.04	29.53	57.7	68.19	103.1	144.19	175.44	229.52	270.44	292.19	333.36	375.37	416.1	495.78	590.59	658.88	702.58	763.02	873.63
E_41_M	19.63	24.63	32.69	52.4	60.02	109.64	170.46	188.75	237.16	265.9	301.37	396.16	468.63	548.24	631.39	682.92	762.64	858.59	942.24	1040.6
E_41_I	13.85	13.93	42.84	83.7	92.2	141.92	206.61	240.34	305.72	369.64	461.01	563.89	606.51	660.77	731.79	763.33	843.21	947.55	1039.92	1177.12
E_41_G	19.63	29.42	59.2	106.33	121.46	186.63	236.48	290.65	395.71	468.03	509.73	562.11	603.45	644.75	696.83	748.87	829.17	927.57	1016.48	1159.55
E_41_E	19.63	28.39	63.33	114.25	140.82	223.02	310.53	364.24	419.51	450.65	474.36	523.84	580.66	636.77	657.65	696.86	793.1	896.54	975.45	1100.31
E_41_C	19.63	39.03	63.58	116.3	163.53	222.67	284.42	309.13	362.06	395.99	436.92	512.95	542.46	558.67	602.21	648.48	736.39	833.77	886.33	983.39
E_41_A	7.79	7.79	25.88	69.42	107.8	141.42	182.38	212.91	246.8	288.46	339.22	425.37	469.77	494.84	539.46	576.01	640.73	719.17	771.57	837.64
E_40_B	13.85	20.55	53.87	102.05	126.21	168.47	201.0	239.47	325.3	371.39	397.01	436.91	457.94	521.24	601.7	640.24	703.81	788.05	849.31	906.56
E_40_F	2.26	4.04	33.41	75.25	109.42	192.76	259.88	284.23	364.16	426.03	471.9	536.53	563.8	615.41	718.46	785.95	864.46	953.48	994.03	1053.01
E_40_H	0.0	1.15	25.92	65.32	84.65	136.39	178.33	232.92	325.48	378.41	439.0	545.69	591.32	658.13	744.17	801.88	887.19	980.9	1047.34	1122.92
E_40_J	11.64	11.64	18.5	28.25	50.82	109.23	156.11	194.99	263.42	306.91	376.85	468.88	542.71	633.37	758.5	809.44	898.99	996.44	1049.04	1107.47
E_40_P	8.81	8.81	26.96	62.77	69.46	92.38	124.64	132.85	195.5	253.16	276.11	313.51	348.57	364.18	395.93	424.63	500.6	648.45	730.43	799.39
E_40_R	4.52	4.52	20.31	57.91	66.14	88.69	106.24	118.88	169.28	199.39	238.68	304.76	319.75	334.78	359.31	372.39	414.44	489.02	539.91	630.28
E_40_T	16.25	16.25	16.42	22.55	23.42	50.04	80.13	86.94	115.34	149.09	183.08	234.31	259.66	284.47	322.55	328.37	374.41	421.8	441.6	474.97
E_39_S	1.76	1.76	17.93	52.91	58.35	79.54	109.08	127.92	143.2	149.13	160.93	201.75	235.25	288.47	348.57	363.7	383.41	403.29	416.37	489.13
E_39_Q	11.04	11.04	22.88	49.55	60.19	106.59	133.7	135.73	161.55	187.37	196.2	240.63	281.41	321.42	386.7	407.64	446.23	501.88	545.56	649.69
E_39_O	14.52	14.52	15.23	27.84	41.82	74.17	118.18	140.97	173.55	201.42	220.9	276.84	335.29	383.53	453.86	532.98	620.5	685.82	766.01	877.53
E_39_K	2.68	2.68	9.49	24.99	26.27	46.09	86.47	116.89	186.34	232.48	281.45	392.99	487.7	591.95	706.19	777.98	867.42	964.77	1018.12	1087.65
E_39_G	12.25	12.33	27.55	45.67	50.38	93.07	153.28	207.38	279.25	329.77	394.13	519.47	606.07	689.44	784.85	831.03	880.02	939.96	968.29	1006.14
E_39_E	8.55	8.8	34.88	70.43	92.05	148.45	213.28	248.23	307.04	354.75	414.01	512.22	584.11	661.76	745.9	786.86	826.98	876.12	908.77	960.13
E_39_C	19.63	36.34	48.25	75.87	98.39	158.68	211.79	256.95	306.28	335.22	378.24	459.85	523.87	574.63	636.17	697.84	767.94	808.48	853.47	897.32
E_39_A	14.18	14.2	26.5	54.25	67.15	99.74	140.11	176.6	227.26	273.86	316.29	389.79	438.43	473.24	541.54	596.21	651.33	722.51	748.36	796.52
E_38_B	1.76	1.76	21.93	66.41	90.35	115.01	137.75	166.87	239.36	293.58	332.05	396.11	462.68	514.79	590.42	626.84	669.05	699.36	718.18	781.61
E_38_F	19.63	23.32	32.67	48.55	66.39	98.54	113.43	146.24	262.95	361.88	424.91	514.63	588.3	656.24	721.52	744.9	782.25	831.49	864.41	919.38
E_38_L	11.94	11.94	13.12	15.34	20.33	31.06	40.09	53.58	120.45	193.71	265.89	360.36	418.82	500.55	605.14	683.72	773.96	873.13	937.06	1015.49
E_38_N	0.7	0.98	10.68	24.62	27.56	50.7	79.58	94.77	136.79	175.72	197.75	259.13	322.57	406.51	502.89	560.84	612.46	686.42	762.37	857.06
E_38_R	15.55	15.55	29.3	58.31	59.6	80.19	116.28	124.68	141.76	161.77	177.39	210.24	226.82	251.64	297.48	330.08	400.1	454.51	483.65	549.37
E_38_T	6.15	6.15	16.18	37.48	43.47	76.16	88.69	91.91	121.74	140.87	161.15	186.69	190.63	211.08	236.21	262.46	309.66	358.05	379.76	424.89
E_37_S	14.52	14.52	27.79	55.26	56.27	68.41	84.42	91.33	136.43	157.75	160.13	182.2	199.29	209.28	224.57	237.75	281.4	336.44	382.48	468.23
E_37_Q	10.46	10.46	22.19	45.09	47.97	72.5	88.35	94.38	128.15	157.21	184.74	208.27	220.77	253.25	286.69	301.31	367.57	452.64	499.39	572.74
E_37_E	7.79	12.52	24.2	41.05	56.35	101.57	171.88	239.74	300.21	338.27	365.7	429.87	492.9	519.75	562.5	597.5	641.37	705.98	740.1	774.97
E_37_C	16.61	18.36	25.64	36.76	62.03	115.92	181.79	220.31	258.14	301.66	357.56	421.71	451.04	520.43	581.37	605.41	644.22	678.43	708.74	756.01
E_37_A	18.85	18.85	18.96	30.27	49.34	88.81	126.05	148.6	193.43	234.28	254.1	311.5	350.75	403.22	457.84	502.34	539.27	601.31	640.05	659.93
E_36_F	4.52	4.52	16.73	49.85	75.57	143.07	199.4	223.2	282.84	318.47	344.91	367.34	387.7	435.65	485.19	522.87	566.35	632.18	682.87	768.91
E_36_P	6.6	6.6	9.8	17.06	19.23	30.83	56.51	76.62	132.45	147.48	163.43	198.46	218.57	264.83	315.58	339.94	371.23	424.41	466.07	539.89
E_36_T	9.34	9.34	14.71	33.22	36.85	61.34	92.2	100.23	103.29	111.92	120.94	143.47	156.15	159.48	185.43	205.12	209.13	241.23	275.03	300.07
E_35_U	10.75	10.89	22.01	39.14	41.43	48.34	58.34	64.24	84.39	93.97	100.19	101.96	109.48	118.59	141.2	161.07	170.95	194.64	230.53	251.65
E_35_K	7.3	7.3	15.48	40.02	52.42	69.02	91.21	99.88	125.65	152.57	167.55	200.56	248.65	299.97	369.79	408.69	461.15	542.71	596.21	664.0
E_35_I	19.63	33.27	57.03	94.31	99.76	122.16	140.16	140.8	162.07	204.06	237.35	266.72	289.2	333.38	386.48	408.13	474.34	570.03	646.1	721.41
E_35_G	19.63	31.8	60.74	110.03	126.34	138.37	170.91	190.72	216.43	243.48	272.24	308.78	327.08	346.69	378.76	405.55	469.63	524.95	568.2	662.82
E_35_E	17.72	17.92	40.82	94.1	119.09	153.5	193.93	227.02	258.52	278.37	283.68	313.04	339.87	360.43	375.83	392.04	441.85	497.16	529.61	576.25
E_35_C	19.63	29.68	47.31	82.27	92.62	123.86	169.74	186.45	204.7	234.22	267.84	308.33	338.02	356.13	366.51	374.89	415.08	467.03	499.96	544.11
E_35_A	19.63	31.7	43.87	57.8	67.75	90.1	111.37	135.75	156.82	172.74	200.24	250.2	293.87	324.66	353.08	362.63	394.98	424.73	459.09	509.26
E_34_D	13.2	13.2	31.11	69.64	87.38	115.09	151.72	165.51	199.67	242.3	249.37	264.78	281.08	289.63	330.16	352.32	360.59	380.36	395.47	448.25
E_34_F	19.63	20.83	43.17	86.77	105.97	142.62	173.85	184.74	210.95	230.91	249.81	274.38	281.15	292.06	324.83	353.9	371.46	387.65	420.21	492.47
E_34_H	16.98	17.91	51.5	101.9	117.16	134.22	151.59	159.13	173.56	188.24	202.47	241.33	268.36	294.68	321.63	336.95	374.54	416.27	440.53	527.84
E_34_J	14.86	15.33	35.54	67.8	83.67	102.8	115.83	128.72	141.55	150.93	162.54	199.88	227.52	267.51	306.91	341.03	395.35	457.79	493.2	560.46
E_34_R	7.54	7.54	13.09	24.94	30.1	37.54	49.52	56.25	74.67	78.48	84.04	105.81	113.49	132.35	166.44	197.07	227.34	259.18	276.83	311.03
E_34_T	19.24	19.24	26.51	37.54	37.54	42.91	46.89	47.66	62.44	75.9	81.05	93.53	100.19	101.43	117.55	128.77	158.65	198.71	221.33	244.23