Tree \ Buffer radius (m)	2.5	5.0	7.5	10.0	12.5	15.0	17.5	20.0	22.5	25.0	27.5	30.0	32.5	35.0	37.5	40.0	42.5	45.0	47.5	50.0
A_44_Qs	0.0	0.0	68.21	186.38	346.65	535.48	749.12	1008.01	1334.34	1707.4	2119.73	2571.34	3055.56	3558.75	4087.41	4655.64	5288.31	5975.54	6702.03	7467.79
A_42_Qs	0.0	19.05	72.68	154.24	275.39	464.05	706.2	1000.54	1334.34	1707.4	2119.73	2570.67	3035.97	3525.83	4055.18	4642.51	5288.31	5975.54	6702.03	7467.79
A_41_Ns	0.0	0.0	76.62	194.74	347.3	524.57	742.33	1010.85	1334.34	1707.4	2116.57	2537.13	2988.75	3487.14	4034.85	4640.36	5288.31	5975.54	6702.03	7467.79
A_44_Ks	0.0	45.86	144.04	275.82	418.44	573.0	747.53	966.61	1242.6	1583.63	1989.64	2441.25	2932.12	3462.26	4031.68	4640.36	5274.79	5936.9	6635.57	7377.06
A_45_Ds	0.0	0.0	70.9	190.34	360.78	576.76	832.02	1115.44	1417.61	1759.13	2143.52	2557.26	3007.03	3474.72	3980.83	4555.16	5189.79	5877.02	6603.51	7369.27
A_41_Ds	0.0	28.9	103.25	212.05	364.14	576.76	831.95	1114.88	1422.67	1766.41	2135.39	2536.85	2979.71	3454.51	3982.05	4562.36	5190.72	5877.02	6603.51	7369.27
A_45_E	0.0	0.0	78.19	215.63	392.35	608.33	863.59	1158.11	1477.32	1815.21	2185.39	2603.02	3077.71	3581.28	4119.0	4696.02	5318.84	5990.64	6701.5	7460.98
A_42_J	0.0	0.0	45.0	182.44	359.16	575.14	830.39	1124.92	1458.71	1831.78	2244.11	2695.72	3181.77	3690.43	4232.56	4814.33	5444.36	6131.49	6857.98	7623.74
Port_3_M	0.0	35.39	117.33	248.96	410.21	607.25	847.88	1124.92	1446.18	1812.8	2216.37	2667.98	3158.85	3688.95	4244.55	4832.52	5461.9	6145.53	6872.02	7637.78
Port_3_O	0.0	35.4	103.97	218.46	379.68	578.66	818.74	1105.17	1430.98	1804.04	2216.37	2667.57	3143.7	3653.01	4204.33	4810.35	5458.3	6145.53	6872.02	7637.78
Port_2_V	0.0	25.83	96.77	207.68	366.68	556.79	802.66	1097.18	1430.98	1795.58	2188.24	2619.56	3102.11	3632.25	4201.66	4810.35	5458.3	6145.53	6872.02	7637.78
Port_2_X	0.0	29.77	108.4	231.07	392.56	590.12	828.45	1102.25	1407.94	1760.06	2159.63	2611.23	3102.11	3632.25	4201.66	4810.35	5458.3	6145.53	6872.02	7637.78
Port_3_U	4.42	63.33	161.5	289.43	427.84	593.45	811.51	1087.82	1406.77	1766.12	2163.08	2611.23	3102.11	3632.25	4201.66	4810.35	5458.3	6145.53	6872.02	7637.78
Port_3_CC	0.0	21.79	119.96	257.41	432.74	638.53	890.16	1183.27	1502.61	1855.1	2245.52	2679.21	3158.25	3672.79	4229.28	4822.24	5458.3	6145.53	6872.02	7637.78
A_55_S1	0.0	0.0	61.04	193.53	370.24	586.23	841.48	1136.0	1469.8	1842.86	2255.2	2706.8	3197.68	3727.82	4297.23	4905.92	5553.87	6241.09	6967.59	7729.02
A_55_S2	0.0	0.0	61.54	193.53	370.24	586.23	841.48	1136.0	1469.8	1842.86	2255.2	2706.8	3197.68	3727.82	4297.23	4905.92	5553.87	6241.09	6967.51	7720.44
A_59_C	0.0	37.25	135.43	272.87	449.59	665.57	920.83	1215.35	1549.14	1921.98	2322.55	2759.38	3238.48	3760.45	4312.0	4887.92	5508.42	6176.02	6868.7	7573.12
A_64_Cs	0.0	49.31	147.48	274.1	431.77	630.36	875.45	1166.76	1498.71	1853.24	2230.2	2631.48	3080.31	3585.37	4151.44	4745.88	5359.48	5990.58	6656.25	7365.76
A_65_Fs	0.0	30.14	128.31	260.81	416.53	610.49	855.59	1116.26	1409.59	1754.11	2151.83	2596.86	3063.69	3549.45	4063.7	4615.18	5208.29	5838.48	6519.34	7267.15
A_62_Gs	7.38	66.28	163.55	286.24	428.91	599.99	803.7	1072.27	1404.61	1777.68	2177.6	2577.03	2977.4	3423.75	3950.17	4545.99	5193.95	5880.76	6592.69	7330.73
A_62_Js	0.0	17.84	98.22	224.91	391.58	598.8	848.82	1100.84	1371.1	1676.07	2017.78	2409.67	2879.5	3409.18	3978.59	4578.21	5208.57	5872.16	6578.21	7310.4
A_62_Ms	0.0	29.75	106.06	226.28	402.97	609.02	819.32	1059.05	1331.94	1636.39	2001.36	2431.92	2894.55	3410.21	3978.59	4587.27	5223.96	5885.94	6577.06	7316.26
A_65_Hs	11.59	70.49	168.67	297.34	438.05	587.33	779.19	1042.57	1343.31	1680.15	2081.58	2523.87	2980.86	3459.59	3961.85	4505.78	5128.78	5802.93	6511.66	7267.15
A_68_Ks	0.0	39.5	137.67	275.12	451.83	666.59	910.03	1171.7	1445.1	1750.39	2098.14	2490.57	2928.17	3447.92	4017.34	4626.02	5263.41	5930.42	6627.21	7364.54
A_73_Fs	0.0	26.37	124.54	261.99	438.7	654.69	909.94	1204.46	1528.32	1884.15	2284.62	2736.22	3215.26	3709.17	4237.36	4816.52	5431.96	6087.91	6791.51	7524.45
A_71_Rs	0.0	24.43	122.6	260.05	436.76	652.75	908.0	1196.77	1509.29	1844.56	2221.08	2664.89	3147.73	3658.81	4203.84	4803.79	5440.28	6085.21	6762.89	7494.59
A_66_Qs	0.0	9.14	107.31	244.76	421.47	637.46	892.71	1175.84	1454.33	1765.4	2128.28	2543.63	3006.98	3492.91	4016.61	4595.81	5202.69	5848.16	6545.05	7308.43
A_60_Qs	0.0	43.75	128.31	240.78	387.29	567.36	793.15	1064.81	1377.72	1727.49	2117.91	2545.77	3003.35	3525.84	4094.62	4688.72	5305.11	5961.22	6669.95	7407.47
A_58_Os	0.0	0.0	66.42	193.19	353.48	561.83	816.51	1094.02	1397.39	1743.61	2142.91	2593.95	3075.9	3593.28	4135.56	4718.81	5333.75	6001.39	6703.91	7437.56
Vigne_1	0.0	5.69	85.41	220.45	397.17	613.15	868.41	1162.93	1496.72	1869.79	2282.12	2733.73	3224.6	3754.74	4324.16	4932.84	5580.79	6268.02	6994.51	7760.27
Vigne_2	0.0	23.07	94.95	220.45	397.17	613.15	868.41	1162.93	1496.72	1869.79	2282.12	2733.73	3224.6	3754.74	4324.16	4932.84	5580.79	6268.02	6994.51	7760.27
E_82_K	7.99	66.89	163.01	289.4	445.58	614.17	814.25	1078.15	1379.67	1720.16	2105.56	2527.98	2989.77	3513.89	4060.61	4649.54	5270.92	5912.73	6598.09	7338.07
E_82_M	3.73	49.68	112.71	204.23	351.02	528.56	746.47	1034.04	1337.13	1695.79	2106.29	2526.08	2994.75	3516.56	4060.2	4652.86	5293.55	5956.49	6643.23	7381.86
E_82_O	0.0	30.44	89.61	184.05	334.63	513.45	715.6	1000.44	1329.24	1697.07	2104.39	2546.18	3026.68	3529.81	4060.15	4655.03	5286.37	5952.69	6668.14	7416.85
E_82_Q	0.0	50.73	126.95	219.69	360.35	536.07	753.39	1035.02	1351.75	1704.31	2111.2	2551.35	3036.41	3556.11	4093.91	4680.45	5292.37	5951.98	6678.48	7435.24
E_82_S	7.99	63.09	136.22	251.84	427.85	629.35	848.18	1104.71	1394.04	1745.96	2143.52	2573.98	3045.74	3559.54	4115.6	4711.15	5314.58	5978.11	6700.87	7443.08
E_81_R	0.0	55.06	138.55	255.47	419.14	595.67	798.8	1059.72	1364.04	1708.07	2104.09	2534.98	3011.47	3510.32	4044.04	4641.12	5284.68	5960.55	6669.77	7417.17
E_81_N	0.0	3.76	65.89	149.87	299.18	481.49	712.07	989.18	1310.18	1672.84	2070.35	2490.49	2949.01	3472.4	4024.15	4610.26	5247.51	5909.1	6607.74	7353.98
E_80_Q	16.33	75.23	164.58	266.31	405.52	554.46	731.51	994.83	1301.45	1657.94	2033.18	2444.94	2932.88	3463.0	4019.02	4615.96	5237.79	5909.97	6616.84	7357.33
E_80_O	0.0	43.3	105.12	192.57	346.63	513.79	713.12	986.49	1276.24	1621.8	2025.63	2455.93	2919.2	3438.43	4001.81	4597.04	5217.12	5864.42	6565.27	7306.75
E_80_M	0.0	43.47	112.33	204.46	357.51	538.51	739.39	1010.0	1297.07	1630.27	2018.95	2454.82	2921.46	3426.93	3959.11	4544.65	5176.32	5842.53	6553.34	7278.9
E_80_G	5.78	64.68	154.94	281.54	458.26	674.05	919.05	1198.96	1503.72	1837.84	2200.7	2579.45	3003.65	3462.24	3985.6	4585.97	5220.15	5889.62	6584.17	7280.82
E_80_E	11.33	70.24	160.29	292.0	463.65	660.92	897.17	1186.62	1512.03	1877.49	2248.22	2644.41	3093.87	3587.41	4112.09	4668.37	5254.93	5916.33	6620.16	7345.41
E_80_A	2.28	61.19	159.36	296.8	473.52	689.5	938.08	1226.35	1546.15	1899.29	2294.3	2717.17	3192.76	3704.95	4257.26	4853.2	5476.64	6137.77	6849.37	7567.66
E_79_H	9.17	68.07	162.32	290.2	459.69	648.4	888.26	1165.28	1447.95	1768.16	2138.84	2505.15	2938.66	3434.41	3982.02	4578.51	5172.56	5788.09	6478.69	7213.45
E_79_L	16.17	75.07	157.3	263.49	429.05	604.6	801.88	1058.91	1343.91	1684.97	2047.47	2420.57	2858.21	3359.53	3904.61	4511.34	5136.43	5780.82	6482.05	7225.98
E_79_N	11.59	70.49	148.58	246.05	390.05	555.94	774.34	1042.91	1328.17	1623.65	1998.84	2419.33	2894.92	3405.93	3938.18	4518.09	5131.19	5800.82	6520.39	7266.64
E_78_O	5.44	64.35	152.9	272.43	434.14	601.56	800.65	1058.3	1360.2	1700.37	2072.98	2464.82	2895.89	3381.29	3926.29	4518.13	5128.46	5791.29	6506.16	7265.4
E_78_K	2.28	61.19	157.62	291.45	462.39	639.65	854.14	1119.87	1400.23	1723.47	2064.16	2438.33	2896.16	3392.91	3904.3	4487.76	5090.16	5725.67	6425.83	7166.25
E_78_E	0.0	58.51	151.1	281.24	451.1	623.2	833.66	1102.6	1416.8	1774.31	2179.86	2625.47	3094.46	3596.57	4106.19	4667.51	5269.55	5912.9	6601.25	7328.74
E_77_D	6.75	65.65	139.99	243.7	401.13	591.69	839.84	1133.6	1446.4	1781.12	2154.21	2572.14	3051.82	3566.93	4124.72	4717.59	5327.92	5984.8	6685.17	7409.72
E_77_L	15.83	73.38	159.73	278.7	442.1	641.68	885.97	1160.49	1433.71	1750.41	2133.27	2523.82	2947.92	3418.82	3925.25	4475.09	5079.16	5715.46	6422.53	7159.99
E_77_N	0.0	55.21	147.44	273.92	445.97	620.48	844.5	1128.33	1426.01	1767.01	2137.83	2518.81	2956.09	3438.25	3917.17	4472.83	5092.45	5771.04	6474.04	7211.11
E_77_R	0.0	55.37	140.35	258.22	424.55	620.15	860.11	1144.55	1448.18	1794.41	2165.31	2557.86	3017.61	3499.09	4020.85	4592.23	5202.08	5859.9	6570.39	7318.16
E_76_S	8.29	67.19	152.35	258.17	421.72	623.89	865.46	1157.5	1470.01	1828.45	2240.79	2671.75	3147.15	3645.82	4150.35	4711.62	5304.28	5950.21	6646.65	7374.02
E_76_Q	0.0	50.52	134.33	255.11	429.68	618.7	838.69	1121.54	1451.59	1818.4	2224.1	2641.53	3088.91	3570.39	4094.07	4662.69	5246.23	5874.58	6579.44	7310.99
E_76_I	13.25	72.16	164.41	285.46	445.88	651.93	884.25	1157.22	1441.8	1789.82	2172.21	2580.61	2996.99	3464.64	3988.08	4557.9	5147.14	5766.36	6459.72	7183.76
E_76_G	0.0	40.05	129.82	252.68	423.96	622.26	854.24	1133.43	1430.24	1769.68	2145.75	2541.27	3019.76	3528.04	4060.74	4636.84	5239.16	5866.82	6562.55	7260.76
E_76_E	1.53	57.81	133.7	235.94	394.26	595.16	835.03	1116.93	1423.46	1762.13	2148.4	2559.77	3037.09	3548.58	4096.94	4697.28	5309.26	5974.94	6673.87	7351.14
E_76_C	0.0	56.51	141.29	257.4	427.11	626.37	844.66	1107.84	1414.12	1778.03	2180.44	2594.7	3068.44	3575.52	4124.06	4727.86	5371.68	6046.53	6751.84	7464.2
E_76_A	7.68	63.1	148.88	281.38	452.93	645.4	886.14	1164.35	1453.94	1792.27	2184.69	2623.92	3096.08	3598.69	4152.59	4755.49	5384.76	6061.16	6781.36	7517.95
E_75_T	11.84	70.74	158.02	272.4	433.68	634.18	872.67	1159.11	1488.95	1856.89	2260.59	2686.04	3170.21	3693.97	4249.78	4847.2	5455.0	6078.19	6761.08	7475.26
E_74_S	0.0	47.86	145.47	275.96	452.4	649.88	882.82	1169.75	1488.11	1852.91	2259.85	2695.41	3172.06	3690.39	4248.63	4849.42	5477.08	6136.17	6827.69	7529.8
E_74_A	6.75	65.65	158.14	287.29	451.3	634.19	867.7	1153.32	1457.47	1814.47	2211.25	2636.68	3107.21	3620.6	4154.05	4752.02	5389.11	6049.94	6760.03	7482.64
E_73_B	5.78	64.08	144.63	257.5	424.69	623.58	877.18	1164.0	1475.85	1827.73	2212.18	2613.09	3077.65	3594.61	4137.45	4740.07	5371.29	6029.82	6718.59	7417.55
E_73_D	0.0	42.22	132.38	251.89	425.25	628.13	872.3	1157.1	1453.61	1790.22	2166.16	2586.23	3054.15	3567.86	4125.64	4719.21	5343.53	5974.27	6642.82	7319.61
E_73_H	14.72	73.63	170.77	300.56	476.68	675.24	910.38	1185.48	1487.33	1821.66	2210.93	2630.36	3087.58	3578.56	4084.84	4662.72	5243.3	5811.41	6443.27	7130.22
E_73_J	10.55	69.46	167.5	300.17	476.88	686.85	941.51	1234.99	1547.5	1883.74	2260.85	2679.3	3142.09	3617.4	4089.21	4616.98	5164.72	5746.08	6407.71	7113.71
E_72_S	10.55	69.46	166.47	301.1	474.69	676.45	918.68	1212.9	1542.94	1900.24	2307.72	2731.76	3205.74	3721.31	4262.46	4849.31	5480.57	6135.77	6815.27	7528.79
E_72_M	13.02	71.93	170.1	307.55	484.0	692.46	946.42	1240.95	1567.2	1927.61	2323.42	2750.02	3204.9	3675.41	4147.14	4649.75	5200.32	5776.58	6442.04	7125.03
E_72_E	7.38	65.76	151.71	272.18	434.27	629.26	881.85	1168.1	1472.4	1814.98	2200.17	2604.63	3052.22	3541.34	4066.88	4627.8	5213.13	5841.87	6533.75	7258.04
E_71_B	10.01	68.91	167.09	304.53	469.64	635.14	850.55	1135.5	1459.95	1830.99	2229.78	2660.03	3121.12	3594.6	4100.16	4643.97	5232.54	5873.97	6569.3	7302.09
E_71_T	15.65	74.56	169.57	301.1	477.81	693.8	949.05	1236.39	1550.13	1907.83	2310.6	2742.28	3229.28	3744.32	4286.24	4880.8	5498.01	6134.7	6832.54	7564.09
E_70_E	16.33	75.23	167.26	291.02	454.0	634.67	873.22	1145.85	1429.49	1744.69	2109.64	2504.99	2947.21	3447.46	3989.69	4584.09	5180.79	5798.64	6489.45	7224.21
E_69_B	1.16	57.49	142.82	271.05	447.76	652.44	892.93	1177.9	1478.02	1799.05	2172.14	2568.8	3020.97	3513.45	4034.48	4634.83	5258.42	5911.62	6622.45	7322.71
E_69_D	0.0	52.65	139.93	267.75	443.59	638.95	849.23	1115.07	1406.64	1741.66	2108.04	2501.99	2949.11	3464.4	4000.42	4584.78	5210.9	5864.39	6577.77	7266.28
E_69_H	8.59	67.49	159.58	285.85	454.91	626.94	814.15	1058.01	1329.1	1644.31	2029.57	2443.23	2884.73	3376.18	3919.73	4512.27	5141.08	5787.62	6489.06	7178.87
E_69_N	16.94	75.85	172.68	306.16	482.87	693.65	930.65	1194.32	1483.86	1824.0	2186.91	2566.42	2996.11	3469.41	3981.99	4555.43	5141.15	5780.8	6488.83	7200.41
E_69_P	14.32	73.23	168.97	299.32	476.04	686.59	932.49	1220.05	1512.55	1851.03	2237.38	2654.85	3108.67	3569.18	4049.12	4606.75	5216.48	5870.05	6567.35	7262.55
E_68_Q	12.8	71.7	168.47	295.1	459.6	660.44	908.69	1194.24	1496.77	1844.34	2244.16	2643.17	3091.89	3582.69	4105.28	4658.85	5249.93	5888.95	6584.44	7329.14
E_68_G	1.53	55.01	123.91	211.56	349.65	501.56	700.41	967.15	1268.81	1621.06	2011.87	2434.98	2907.23	3418.33	3924.27	4494.79	5089.47	5741.75	6453.36	7193.51
E_67_D	4.42	61.95	137.74	247.79	405.33	563.36	769.87	1035.42	1322.99	1673.68	2063.43	2486.06	2954.99	3452.67	3980.52	4572.48	5182.15	5828.45	6532.43	7240.93
E_67_F	0.0	43.04	95.73	169.17	325.52	504.4	706.1	969.97	1273.1	1625.5	2014.39	2440.16	2911.47	3411.5	3940.31	4541.78	5139.59	5770.58	6459.4	7203.93
E_67_H	0.0	18.66	62.35	137.56	278.81	456.18	674.76	951.84	1251.98	1602.02	1992.48	2400.43	2879.48	3382.44	3895.66	4472.2	5102.82	5748.42	6450.95	7180.21
E_67_J	0.0	18.92	84.28	178.42	313.3	464.96	678.12	945.94	1253.28	1601.45	1983.03	2388.03	2838.69	3332.75	3873.75	4462.22	5073.36	5740.01	6461.24	7194.24
E_67_L	0.0	52.38	128.62	236.15	374.63	537.9	749.65	996.14	1272.38	1602.98	1973.4	2374.07	2842.8	3349.55	3877.32	4477.16	5111.29	5761.79	6460.3	7212.28
E_67_P	4.77	63.67	154.09	280.42	447.99	635.3	854.78	1116.52	1418.87	1759.69	2132.08	2541.79	3009.94	3491.39	4001.87	4572.77	5199.85	5863.63	6567.63	7299.27
E_67_T	5.78	64.68	162.86	300.3	475.36	677.34	911.5	1197.61	1522.41	1885.31	2284.28	2710.23	3182.85	3684.95	4222.58	4797.92	5413.26	6061.05	6749.05	7459.36
E_66_Q	15.29	73.8	154.06	271.38	439.87	627.13	854.55	1142.45	1440.54	1778.12	2173.49	2590.54	3046.16	3544.24	4072.93	4645.65	5250.62	5895.58	6590.08	7332.12
E_66_O	8.29	65.16	147.5	270.73	422.01	591.26	807.83	1063.31	1335.99	1671.29	2051.52	2456.8	2913.52	3413.98	3949.77	4537.0	5151.92	5818.48	6530.31	7270.8
E_66_M	5.11	62.72	136.19	246.29	400.96	560.23	755.87	1018.29	1284.73	1603.22	1987.47	2394.19	2842.53	3354.65	3904.55	4507.52	5131.48	5787.4	6500.81	7241.37
E_66_I	0.0	45.21	85.81	159.51	296.79	453.08	660.15	940.82	1233.6	1579.54	1977.21	2373.35	2827.54	3329.64	3860.32	4462.26	5106.34	5761.5	6462.27	7212.92
E_66_G	4.05	51.19	98.35	166.79	298.46	461.08	698.47	967.7	1256.84	1596.09	1982.96	2389.82	2858.68	3359.78	3901.27	4502.48	5114.16	5769.37	6486.74	7221.08
E_66_E	0.0	51.53	129.47	224.62	377.42	553.78	770.5	1033.09	1309.11	1641.78	2022.89	2425.96	2894.09	3412.3	3962.55	4553.42	5165.0	5816.52	6530.76	7256.59
E_65_H	10.28	67.99	138.84	243.0	379.83	518.56	696.62	943.25	1225.82	1584.39	1962.49	2383.06	2848.99	3352.8	3881.43	4469.2	5091.5	5771.96	6494.74	7241.48
E_65_J	1.53	59.68	136.55	240.9	387.7	516.34	711.86	965.71	1218.57	1553.23	1947.21	2353.41	2819.65	3340.44	3876.58	4465.43	5091.75	5758.1	6484.6	7248.88
E_65_L	0.0	55.09	140.85	251.88	400.33	543.77	733.24	981.64	1266.14	1594.97	1960.06	2362.13	2835.26	3330.6	3877.86	4481.63	5114.35	5782.41	6496.86	7246.71
E_65_P	18.84	75.83	150.88	258.13	424.01	608.99	833.28	1111.37	1415.81	1760.45	2141.08	2540.53	2996.12	3496.63	4023.36	4608.8	5230.66	5872.02	6572.69	7311.66
E_65_R	1.53	60.44	155.09	284.56	452.03	640.79	875.84	1159.37	1455.31	1804.92	2196.06	2629.89	3099.66	3587.87	4114.99	4691.08	5301.58	5953.65	6655.49	7376.08
E_64_Q	13.25	72.16	156.82	270.52	444.57	644.78	876.08	1154.98	1459.58	1810.87	2206.64	2611.7	3073.66	3572.09	4093.61	4674.27	5292.41	5946.13	6648.24	7362.2
E_64_O	0.0	57.7	150.96	266.08	426.8	605.79	830.67	1111.3	1410.46	1754.87	2141.13	2522.47	2980.31	3475.04	4011.09	4595.6	5205.08	5837.88	6540.43	7295.17
E_64_M	7.99	66.84	150.76	256.68	413.69	596.85	813.13	1095.12	1366.02	1682.85	2051.46	2458.29	2925.96	3410.76	3910.96	4496.88	5126.82	5804.51	6529.47	7290.35
E_63_F	8.59	67.49	161.71	289.21	465.3	674.62	911.37	1185.42	1468.47	1803.0	2163.31	2531.31	2970.59	3452.42	3976.91	4564.52	5179.24	5821.09	6530.15	7271.84
E_63_J	1.91	60.81	156.39	282.58	454.19	633.16	845.84	1126.65	1419.09	1729.84	2075.87	2440.15	2884.09	3379.15	3908.0	4509.06	5154.15	5829.09	6540.76	7269.49
E_63_N	3.73	62.63	152.54	270.25	438.17	631.99	861.45	1135.82	1415.58	1772.13	2163.92	2563.41	3016.49	3493.54	4006.67	4571.98	5178.92	5830.54	6548.27	7295.92
E_62_Q	18.5	77.4	172.67	309.39	483.4	678.03	918.0	1198.34	1508.05	1870.19	2272.4	2683.54	3140.48	3645.09	4198.32	4783.86	5377.47	6019.52	6703.75	7417.21
E_62_O	16.0	74.9	168.14	294.9	469.08	666.1	887.98	1179.74	1495.11	1836.17	2225.86	2644.42	3118.94	3624.13	4139.91	4700.65	5291.54	5935.43	6637.61	7359.25
E_62_K	13.02	71.93	164.24	282.08	452.24	650.9	887.78	1178.67	1464.38	1786.71	2184.8	2611.64	3063.97	3531.65	4025.83	4572.92	5191.89	5845.9	6551.36	7292.24
E_62_I	12.32	71.23	161.82	279.73	455.74	662.44	897.3	1171.75	1451.89	1801.32	2190.5	2604.77	3037.8	3490.34	3986.21	4561.28	5165.92	5828.39	6550.13	7298.61
E_62_E	5.11	64.01	159.45	288.65	465.3	680.94	921.81	1212.9	1533.81	1888.02	2278.07	2694.68	3157.1	3612.6	4083.15	4650.41	5252.26	5891.36	6598.99	7313.73
E_61_J	16.17	75.07	170.98	297.96	470.92	663.07	902.66	1192.19	1497.06	1848.25	2253.38	2666.9	3129.38	3649.3	4177.22	4732.07	5282.4	5879.91	6556.19	7259.27
E_60_M	11.33	70.24	168.41	305.86	481.99	691.44	940.11	1227.0	1534.93	1888.21	2282.27	2715.82	3193.8	3699.1	4215.26	4799.08	5400.55	6044.73	6708.75	7377.4
E_60_G	9.73	68.64	166.08	298.1	474.81	686.59	925.77	1215.15	1532.92	1876.77	2276.91	2722.15	3212.98	3730.45	4249.25	4821.29	5390.67	5995.92	6660.57	7312.18
E_59_H	13.47	72.38	168.74	298.26	474.81	690.66	942.59	1234.87	1546.22	1901.04	2303.03	2727.14	3189.08	3688.56	4211.19	4791.07	5389.41	5988.13	6657.58	7355.21
E_58_S	14.92	73.82	172.0	309.44	486.15	702.14	957.39	1250.16	1575.7	1948.31	2358.86	2802.01	3285.5	3803.37	4354.64	4946.3	5562.57	6220.01	6920.82	7639.69
E_57_D	6.43	65.33	162.31	293.88	469.5	675.19	919.96	1208.66	1508.23	1851.35	2250.72	2667.55	3136.46	3629.53	4160.1	4745.31	5347.28	5996.58	6698.75	7421.2
E_57_B	12.56	71.47	166.47	294.46	470.6	677.17	921.92	1211.38	1527.56	1883.44	2282.57	2697.88	3169.12	3675.24	4214.66	4804.43	5410.85	6048.22	6742.53	7478.66
E_54_B	13.9	72.81	155.88	271.43	444.42	638.24	868.63	1144.27	1448.69	1816.12	2211.66	2622.3	3096.77	3598.97	4134.2	4715.15	5310.73	5944.39	6619.87	7302.01
E_54_D	5.44	64.35	150.49	259.09	428.07	611.8	831.53	1116.42	1421.42	1777.32	2178.75	2584.84	3038.3	3549.26	4078.33	4656.0	5251.11	5873.65	6562.45	7282.23
E_54_F	14.92	73.71	152.57	268.48	431.8	599.66	810.63	1091.55	1387.45	1726.06	2119.36	2547.25	3017.25	3496.91	4005.08	4588.6	5196.76	5845.51	6543.18	7242.61
E_54_H	16.33	75.23	161.97	278.53	450.51	631.96	842.14	1103.48	1375.21	1717.3	2110.6	2527.13	2995.06	3489.07	4004.45	4590.43	5175.04	5791.72	6487.28	7219.88
E_54_L	6.1	65.01	157.7	283.37	456.89	645.77	872.67	1157.38	1462.98	1816.32	2197.52	2603.66	3056.47	3535.12	4032.65	4582.11	5174.42	5822.58	6511.62	7226.63
E_54_N	13.69	72.6	164.28	290.07	460.3	654.97	904.35	1188.39	1486.7	1839.37	2224.38	2625.77	3101.6	3596.53	4103.33	4678.65	5262.78	5876.98	6553.89	7258.0
E_54_T	9.17	68.07	166.25	303.69	480.41	688.18	933.23	1227.46	1556.32	1923.57	2325.87	2764.74	3237.04	3745.93	4295.84	4891.55	5499.77	6133.2	6827.61	7546.61
E_53_M	14.92	73.82	150.95	258.05	431.19	632.06	871.72	1147.22	1431.95	1771.52	2167.42	2563.41	3010.43	3507.22	4011.33	4553.21	5141.84	5780.81	6451.46	7151.58
E_53_K	13.02	71.93	151.72	249.6	417.3	589.12	815.2	1099.66	1398.73	1757.06	2144.12	2515.57	2943.68	3419.35	3923.05	4494.0	5095.83	5730.79	6431.73	7149.45
E_53_I	3.37	62.28	142.35	245.31	412.79	574.69	794.19	1079.8	1368.82	1703.06	2066.01	2458.07	2930.01	3418.91	3901.95	4462.9	5093.18	5753.01	6439.01	7156.8
E_53_G	7.38	66.28	144.58	239.64	403.74	570.44	780.49	1058.66	1343.89	1693.24	2082.98	2455.81	2904.91	3405.56	3933.72	4513.59	5112.91	5758.85	6452.35	7176.4
E_53_E	7.99	66.89	139.62	224.55	387.9	570.65	796.19	1073.85	1364.37	1707.48	2093.67	2500.31	2957.09	3445.57	3941.37	4513.07	5138.03	5784.86	6470.34	7205.48
E_53_C	0.0	53.46	138.99	240.86	407.27	596.67	838.85	1129.44	1414.46	1744.27	2137.03	2553.63	3020.93	3518.72	4024.96	4582.54	5160.53	5788.66	6489.5	7237.99
E_52_B	14.32	72.33	152.4	258.27	432.15	615.66	834.35	1121.0	1425.51	1776.0	2165.68	2546.8	2979.98	3457.04	3957.09	4528.9	5132.31	5787.29	6505.33	7220.63
E_52_D	4.42	63.07	137.1	231.65	402.62	586.74	790.65	1058.9	1348.96	1689.74	2067.64	2451.94	2894.84	3363.79	3878.27	4462.27	5079.84	5750.46	6452.85	7164.17
E_52_F	1.16	60.06	143.18	240.08	393.85	546.83	754.54	1025.4	1309.55	1643.39	2015.08	2386.53	2832.16	3332.06	3869.77	4444.8	5058.33	5704.42	6415.22	7123.41
E_52_H	2.65	60.58	127.81	210.64	377.3	570.69	792.26	1046.29	1291.08	1604.71	1988.12	2383.83	2822.64	3317.08	3863.2	4436.85	5030.74	5683.3	6361.29	7057.71
E_52_J	4.08	62.65	134.51	225.37	396.81	580.77	788.42	1055.0	1327.83	1667.73	2039.77	2406.49	2845.93	3326.92	3848.61	4446.1	5035.11	5659.83	6346.93	7055.73
E_52_L	10.01	68.91	152.73	259.54	426.7	592.95	815.05	1101.31	1387.59	1707.78	2078.71	2475.35	2926.05	3404.76	3908.22	4473.69	5058.91	5668.08	6366.47	7081.42
E_52_N	2.28	61.19	155.36	281.43	456.38	647.29	850.7	1123.36	1416.69	1745.62	2131.12	2526.46	2984.7	3470.74	3982.28	4544.29	5129.25	5739.64	6411.08	7127.93
E_52_R	1.16	60.06	158.24	295.68	472.39	681.06	910.15	1194.42	1504.86	1854.73	2245.65	2649.98	3113.76	3614.44	4133.97	4703.01	5308.6	5945.11	6639.14	7359.8
E_51_M	18.59	77.5	165.83	273.27	441.58	616.78	824.71	1087.62	1343.04	1679.16	2060.45	2440.61	2895.61	3359.86	3847.22	4424.41	5026.29	5654.53	6335.72	7053.08
E_51_K	17.98	76.88	155.7	253.31	415.55	581.63	792.6	1052.01	1300.74	1623.2	2001.95	2389.3	2848.74	3318.84	3808.79	4376.29	4948.07	5574.73	6281.74	6992.78
E_51_I	0.0	53.45	132.58	247.35	411.16	552.89	742.72	1015.31	1284.51	1592.78	1954.09	2326.11	2797.6	3296.97	3804.6	4365.16	4953.15	5585.71	6269.74	6964.6
E_51_G	12.08	70.79	145.32	239.79	398.73	553.4	739.84	1002.87	1236.35	1543.91	1933.78	2338.58	2799.57	3289.56	3804.07	4377.75	4981.31	5611.3	6295.46	7005.31
E_51_C	7.68	66.59	155.37	265.67	421.42	598.87	824.01	1105.01	1364.81	1675.11	2024.82	2396.03	2850.55	3349.28	3867.96	4466.56	5072.94	5717.09	6418.44	7142.76
E_50_B	0.0	55.21	151.79	277.21	450.27	642.59	864.32	1113.86	1356.53	1670.63	2045.26	2421.81	2864.96	3356.68	3881.78	4473.89	5080.63	5709.49	6398.96	7106.8
E_50_F	7.38	66.28	149.9	263.88	417.63	547.45	707.59	978.53	1243.53	1546.9	1916.89	2314.44	2764.13	3266.98	3776.39	4331.16	4918.65	5548.16	6249.03	6969.74
E_50_L	5.44	64.35	155.61	283.42	440.12	590.47	792.86	1053.15	1316.38	1650.19	2006.86	2350.03	2806.78	3286.54	3788.49	4347.8	4919.96	5550.26	6239.15	6928.55
E_50_P	4.77	63.67	151.32	269.1	444.74	636.75	846.42	1112.91	1403.18	1755.81	2123.48	2499.89	2944.62	3415.1	3928.73	4516.71	5110.49	5737.83	6421.23	7117.79
E_49_S	12.56	71.47	159.97	271.76	432.67	611.82	847.39	1128.71	1428.67	1791.13	2189.31	2595.37	3061.19	3556.61	4087.17	4663.34	5240.0	5863.3	6529.57	7228.61
E_49_Q	9.45	68.36	146.72	238.87	406.93	603.15	845.03	1127.62	1410.95	1726.5	2114.04	2550.48	3023.09	3501.37	3988.36	4539.77	5103.98	5714.12	6406.17	7129.13
E_49_O	0.0	57.7	146.88	258.98	430.27	611.38	837.24	1109.44	1380.8	1695.01	2064.16	2447.23	2899.54	3385.25	3880.78	4428.4	5000.85	5623.22	6310.32	7015.74
E_49_K	5.78	64.18	142.49	246.45	418.78	595.23	797.08	1059.06	1303.15	1603.31	1984.56	2372.49	2803.35	3244.74	3697.66	4263.15	4838.29	5428.15	6093.44	6776.94
E_49_I	0.0	51.86	129.56	227.46	373.73	533.11	748.67	1028.09	1313.41	1641.32	1984.56	2300.34	2728.91	3208.32	3682.99	4219.58	4794.6	5420.45	6102.96	6792.08
E_49_G	0.0	45.86	115.17	193.13	352.57	541.12	764.25	1024.12	1261.86	1568.64	1949.53	2316.44	2729.17	3186.54	3672.42	4238.86	4846.38	5490.12	6159.18	6827.38
E_49_E	13.47	72.3	144.12	232.86	381.09	545.15	733.52	983.28	1259.64	1581.05	1957.12	2324.65	2761.04	3240.77	3755.15	4330.97	4908.57	5526.85	6227.57	6928.68
E_49_C	15.29	74.2	154.23	257.95	413.12	564.72	759.53	1025.86	1312.76	1642.25	2006.81	2393.33	2848.66	3330.47	3814.44	4378.18	4974.02	5624.15	6307.25	6981.72
E_48_B	7.38	64.1	131.8	226.83	383.67	560.25	789.91	1052.85	1327.57	1667.43	2064.7	2476.0	2926.29	3379.96	3848.05	4384.08	4962.38	5586.18	6263.45	6955.74
E_48_D	7.38	65.0	131.35	218.04	370.37	531.17	719.88	995.11	1291.74	1630.87	2004.73	2373.62	2807.59	3264.68	3755.22	4328.2	4900.31	5501.73	6187.86	6862.46
E_48_F	0.0	44.3	120.71	213.21	362.76	532.0	750.23	1022.27	1278.57	1576.67	1927.97	2301.93	2754.01	3219.56	3698.71	4260.32	4832.86	5425.62	6072.63	6718.25
E_48_H	0.0	51.34	124.42	213.73	368.35	562.03	770.74	1033.59	1302.75	1626.34	1964.23	2294.28	2722.63	3187.26	3678.42	4202.37	4744.8	5334.97	5984.34	6633.71
E_48_J	16.94	75.85	155.95	246.54	397.73	576.41	793.36	1050.46	1316.4	1641.72	2007.33	2378.46	2794.2	3207.49	3640.14	4168.7	4705.57	5288.57	5960.25	6644.58
E_48_L	7.38	66.28	161.13	286.28	450.97	610.84	804.32	1068.4	1350.68	1655.89	1996.37	2372.49	2813.34	3278.23	3753.15	4274.76	4783.57	5353.59	6025.13	6711.82
E_48_P	9.45	68.05	148.9	252.99	408.64	581.49	791.54	1069.28	1377.35	1736.88	2135.14	2528.32	2962.86	3413.93	3897.46	4457.27	5048.76	5661.44	6343.8	7034.58
E_48_R	0.0	53.38	127.34	233.74	397.12	583.71	813.37	1095.13	1412.17	1768.37	2157.75	2559.26	3020.25	3498.19	4021.15	4585.27	5169.94	5798.08	6457.41	7134.3
E_48_T	9.45	68.36	150.74	256.67	425.69	609.51	844.61	1134.8	1446.83	1808.67	2190.29	2596.81	3065.26	3574.61	4098.15	4678.72	5291.03	5936.17	6620.1	7307.07
E_47_S	0.0	49.73	121.67	227.22	390.34	593.1	842.51	1110.71	1394.65	1740.11	2136.89	2562.17	3029.9	3507.82	4046.42	4622.64	5208.87	5840.57	6490.35	7142.24
E_47_C	0.0	35.42	113.29	210.57	361.15	539.81	768.72	1032.15	1310.85	1654.17	2010.74	2372.99	2825.63	3300.46	3783.61	4338.28	4898.15	5475.75	6144.69	6831.59
E_47_A	0.0	54.34	134.5	235.62	390.82	582.53	813.15	1084.39	1383.99	1733.63	2119.69	2509.28	2963.69	3432.14	3896.46	4442.72	5026.88	5622.29	6283.08	6972.58
E_46_B	0.0	54.55	119.72	201.6	359.55	559.42	794.69	1068.96	1367.41	1703.33	2027.35	2377.29	2811.99	3290.12	3794.7	4359.96	4931.76	5550.04	6203.97	6872.87
E_46_J	3.37	62.28	153.8	277.28	447.88	629.47	832.56	1098.65	1379.66	1692.75	2024.5	2328.16	2729.87	3133.28	3562.69	4097.85	4616.1	5182.66	5850.67	6568.4
E_46_N	0.0	49.31	147.48	284.93	461.64	660.87	878.2	1126.54	1372.24	1677.89	2020.01	2372.61	2809.41	3274.53	3775.05	4334.31	4862.7	5425.85	6069.33	6749.25
E_46_R	0.0	53.86	137.85	253.86	419.97	597.67	810.73	1077.68	1372.27	1714.58	2102.29	2526.04	3002.41	3498.98	4015.98	4575.14	5133.42	5749.35	6433.86	7107.71
E_46_T	7.06	65.97	154.7	266.07	424.68	606.33	830.31	1120.62	1426.46	1765.48	2150.72	2577.29	3050.68	3552.97	4101.59	4686.86	5262.76	5887.39	6568.76	7262.01
E_45_I	0.0	52.3	134.86	246.33	418.41	626.4	870.07	1121.78	1348.23	1632.5	1941.66	2266.08	2670.22	3100.3	3539.82	4082.9	4656.94	5216.5	5872.72	6538.89
E_45_C	0.0	55.63	136.06	239.44	396.22	576.05	789.06	1034.13	1278.02	1584.57	1944.22	2315.85	2741.19	3206.3	3718.32	4299.33	4867.24	5472.49	6158.41	6839.88
E_45_A	3.01	61.92	148.84	260.97	425.05	595.66	807.8	1067.04	1361.67	1704.41	2070.1	2435.86	2858.96	3310.08	3808.01	4368.03	4949.17	5583.53	6295.17	6979.11
E_44_D	3.37	62.19	139.16	241.45	404.52	554.56	740.74	973.59	1230.14	1534.4	1881.15	2254.15	2711.5	3195.73	3681.95	4233.12	4800.12	5416.95	6118.44	6849.05
E_44_H	0.0	47.71	126.78	239.33	406.15	583.42	788.24	1040.84	1294.17	1618.86	1917.42	2214.73	2637.37	3111.11	3558.49	4114.03	4690.03	5283.94	5932.97	6607.49
E_44_R	4.42	63.12	143.28	251.0	416.76	601.71	836.51	1116.56	1400.04	1742.79	2112.79	2504.17	2978.98	3475.38	3972.83	4536.54	5126.18	5754.9	6442.41	7122.85
E_44_T	0.0	52.11	142.22	264.98	435.52	632.6	871.43	1144.97	1451.96	1798.87	2175.68	2567.38	3021.95	3517.27	4054.28	4644.99	5230.17	5869.34	6551.62	7251.42
E_43_S	12.08	70.99	150.28	254.73	425.79	625.63	857.1	1140.37	1426.88	1762.28	2142.47	2537.45	2998.94	3486.97	4019.21	4611.95	5189.83	5793.69	6464.84	7186.47
E_43_Q	3.73	62.63	142.07	253.65	417.1	605.02	836.23	1106.1	1384.47	1705.78	2090.54	2504.74	2968.93	3435.2	3923.4	4485.2	5058.36	5691.86	6384.54	7073.53
E_43_O	0.0	54.78	141.95	257.75	426.3	608.08	819.99	1084.81	1367.42	1703.37	2085.2	2429.96	2854.61	3338.33	3839.36	4395.22	4983.01	5588.41	6251.55	6910.46
E_43_M	1.16	60.06	142.95	256.82	425.65	614.43	840.17	1097.36	1341.66	1637.84	2003.62	2384.37	2829.47	3293.28	3774.92	4316.78	4869.27	5431.08	6027.69	6665.44
E_43_G	0.0	57.06	122.4	212.54	373.23	520.04	708.23	960.7	1227.61	1531.93	1903.13	2266.7	2685.1	3120.75	3607.4	4160.46	4731.61	5331.59	6024.59	6730.89
E_43_E	1.16	59.2	124.94	212.54	357.19	494.69	669.85	914.79	1196.7	1535.24	1895.42	2269.55	2699.55	3147.96	3647.84	4218.2	4797.81	5417.04	6091.07	6779.71
E_43_C	0.0	57.89	127.31	218.63	363.38	520.5	712.25	953.8	1228.62	1568.09	1916.04	2287.23	2745.15	3215.49	3723.73	4282.31	4875.05	5509.28	6171.87	6854.63
E_43_A	16.0	69.59	144.31	250.66	413.2	579.22	784.39	1040.22	1318.73	1658.96	1999.5	2354.48	2809.86	3298.22	3816.74	4380.46	4959.74	5594.72	6268.24	6977.03
E_42_B	0.0	32.57	116.43	212.79	366.95	542.06	748.33	1004.47	1260.61	1582.41	1964.74	2372.85	2818.21	3269.32	3774.4	4363.22	4964.61	5596.41	6266.53	6973.27
E_42_D	13.9	70.58	115.33	164.79	301.12	463.74	671.29	936.16	1204.43	1518.5	1891.27	2298.38	2757.56	3239.27	3729.31	4287.94	4886.51	5517.33	6194.56	6857.32
E_42_F	0.0	53.85	112.96	185.38	330.06	476.79	661.8	916.56	1187.66	1504.03	1868.66	2260.1	2708.6	3202.43	3711.24	4260.41	4816.53	5419.26	6107.51	6771.42
E_42_H	4.42	63.33	126.82	202.76	346.35	516.97	733.8	979.67	1215.4	1529.88	1889.13	2256.69	2701.71	3192.32	3671.97	4204.56	4787.82	5398.79	6049.25	6693.36
E_42_J	1.16	60.06	145.47	253.73	406.53	549.4	750.39	1003.71	1275.28	1613.97	1978.12	2315.12	2726.66	3171.91	3677.91	4270.84	4797.94	5357.88	6017.7	6644.42
E_42_L	1.53	60.44	139.21	241.34	405.43	590.96	814.63	1081.31	1338.97	1644.35	1990.94	2353.95	2808.5	3284.71	3760.88	4300.44	4846.91	5430.51	6084.78	6710.28
E_41_Q	1.16	60.06	150.23	271.3	447.28	620.97	818.85	1082.29	1366.4	1712.78	2105.67	2508.48	2979.19	3488.78	3999.66	4563.7	5141.91	5747.26	6416.5	7093.43
E_41_O	8.59	67.49	147.17	256.45	422.68	603.75	817.91	1081.19	1360.9	1693.05	2083.63	2494.06	2942.93	3432.34	3922.07	4435.95	5015.61	5659.14	6325.19	6980.34
E_41_M	0.0	53.9	144.02	261.75	430.84	597.21	791.64	1067.88	1353.26	1697.58	2074.45	2431.26	2849.67	3300.2	3786.46	4343.61	4911.85	5503.13	6145.97	6813.37
E_41_I	5.78	64.6	133.87	230.45	398.66	564.93	755.49	1016.28	1284.7	1593.85	1914.81	2263.54	2711.79	3187.67	3686.06	4263.2	4831.28	5414.17	6048.29	6676.86
E_41_G	0.0	49.11	117.5	207.82	369.41	520.22	725.62	965.98	1194.71	1495.46	1866.09	2265.32	2714.85	3203.69	3721.03	4277.67	4845.32	5434.14	6071.73	6694.42
E_41_E	0.0	50.14	113.37	199.9	350.04	483.83	651.57	892.39	1170.91	1512.84	1901.46	2303.58	2737.64	3211.67	3760.21	4329.68	4881.39	5465.18	6112.76	6753.66
E_41_C	0.0	39.5	113.13	197.85	327.34	484.18	677.69	947.5	1228.36	1567.5	1938.9	2314.47	2775.83	3289.78	3815.65	4378.06	4938.1	5527.95	6201.88	6870.59
E_41_A	11.84	70.74	150.83	244.73	383.06	565.43	779.72	1043.71	1343.62	1675.03	2036.6	2402.05	2848.53	3353.6	3878.39	4450.53	5033.76	5642.54	6316.63	7016.34
E_40_B	5.78	57.98	122.84	212.1	364.65	538.38	761.11	1017.16	1265.12	1592.1	1978.81	2390.51	2860.35	3327.2	3816.15	4386.3	4970.68	5573.66	6238.9	6947.42
E_40_F	17.36	74.49	143.29	238.9	381.44	514.09	702.23	972.39	1226.27	1537.45	1903.92	2290.89	2754.5	3233.03	3699.39	4240.59	4810.03	5408.23	6094.18	6800.97
E_40_H	19.63	77.38	150.79	248.83	406.22	570.45	783.78	1023.71	1264.94	1585.07	1936.82	2281.74	2726.98	3190.31	3673.69	4224.66	4787.3	5380.82	6040.87	6731.05
E_40_J	7.99	66.89	158.21	285.9	440.04	597.62	805.99	1061.64	1327.0	1656.57	1998.97	2358.54	2775.59	3215.08	3659.36	4217.1	4775.5	5365.27	6039.17	6746.51
E_40_P	10.82	69.72	149.74	251.38	421.41	614.47	837.47	1123.77	1394.92	1710.33	2099.71	2513.91	2969.72	3484.26	4021.93	4601.91	5173.89	5713.26	6357.78	7054.58
E_40_R	15.11	74.01	156.39	256.24	424.72	618.16	855.86	1137.74	1421.14	1764.1	2137.14	2522.66	2998.55	3513.66	4058.54	4654.15	5260.05	5872.7	6548.3	7223.69
E_40_T	3.37	62.28	160.28	291.6	467.45	656.81	881.97	1169.69	1475.08	1814.39	2192.74	2593.12	3058.64	3563.97	4095.31	4698.17	5300.08	5939.91	6646.61	7379.0
E_39_S	17.86	76.77	158.78	261.23	432.51	627.3	853.02	1128.7	1447.22	1814.35	2214.89	2625.67	3083.05	3559.97	4069.29	4662.84	5291.08	5958.42	6671.84	7364.84
E_39_Q	8.59	67.49	153.82	264.6	430.67	600.26	828.41	1120.9	1428.87	1776.12	2179.62	2586.8	3036.88	3527.02	4031.16	4618.9	5228.26	5859.83	6542.64	7204.29
E_39_O	5.11	64.01	161.48	286.31	449.05	632.67	843.92	1115.65	1416.88	1762.06	2154.92	2550.58	2983.01	3464.91	3963.99	4493.56	5054.0	5675.89	6322.19	6976.44
E_39_K	16.94	75.85	167.21	289.16	464.59	660.76	875.63	1139.74	1404.08	1731.01	2094.37	2434.44	2830.6	3256.49	3711.66	4248.56	4807.07	5396.95	6070.09	6766.33
E_39_G	7.38	66.2	149.16	268.48	440.49	613.78	808.82	1049.24	1311.17	1633.71	1981.69	2307.95	2712.23	3159.01	3633.0	4195.51	4794.47	5421.76	6119.92	6847.83
E_39_E	11.08	69.73	141.83	243.72	398.81	558.4	748.82	1008.4	1283.38	1608.74	1961.81	2315.2	2734.18	3186.68	3671.96	4239.68	4847.51	5485.6	6179.44	6893.85
E_39_C	0.0	42.19	128.45	238.28	392.48	548.16	750.32	999.67	1284.14	1628.27	1997.58	2367.58	2794.43	3273.81	3781.69	4328.7	4906.55	5553.23	6234.74	6956.65
E_39_A	5.44	64.33	150.21	259.9	423.71	607.11	821.99	1080.02	1363.17	1689.62	2059.53	2437.63	2879.87	3375.2	3876.32	4430.33	5023.16	5639.2	6339.85	7057.45
E_38_B	17.86	76.77	154.78	247.74	400.51	591.84	824.35	1089.76	1351.06	1669.91	2043.76	2431.31	2855.62	3333.65	3827.44	4399.7	5005.44	5662.35	6370.03	7072.36
E_38_F	0.0	55.21	144.03	265.59	424.48	608.31	848.67	1110.39	1327.47	1601.6	1950.91	2312.79	2729.99	3192.2	3696.34	4281.64	4892.24	5530.23	6223.8	6934.6
E_38_L	7.68	66.59	163.58	298.81	470.53	675.79	922.01	1203.05	1469.97	1769.78	2109.93	2467.06	2899.48	3347.89	3812.71	4342.82	4900.53	5488.58	6151.15	6838.48
E_38_N	18.92	77.55	166.02	289.53	463.3	656.15	882.52	1161.86	1453.64	1787.77	2178.07	2568.29	2995.73	3441.93	3914.97	4465.7	5062.03	5675.29	6325.84	6996.91
E_38_R	4.08	62.98	147.4	255.84	431.27	626.66	845.82	1131.95	1448.66	1801.72	2198.42	2617.19	3091.48	3596.8	4120.37	4696.46	5274.4	5907.2	6604.56	7304.61
E_38_T	13.47	72.38	160.53	276.67	447.4	630.69	873.42	1164.72	1468.68	1822.62	2214.67	2640.73	3127.66	3637.36	4181.64	4764.08	5364.83	6003.66	6708.45	7429.08
E_37_S	5.11	64.01	148.92	258.89	434.59	638.43	877.68	1165.3	1453.99	1805.73	2215.69	2645.23	3119.0	3639.16	4193.29	4788.79	5393.09	6025.28	6705.73	7385.74
E_37_Q	9.17	68.07	154.52	269.06	442.89	634.35	873.76	1162.25	1462.27	1806.28	2191.08	2619.16	3097.53	3595.19	4131.16	4725.23	5306.92	5909.08	6588.82	7281.23
E_37_E	11.84	66.01	152.5	273.1	434.51	605.28	790.22	1016.89	1290.21	1625.21	2010.12	2397.56	2825.39	3328.69	3855.35	4429.04	5033.12	5655.73	6348.11	7079.0
E_37_C	3.01	60.17	151.06	277.39	428.83	590.92	780.31	1036.32	1332.28	1661.83	2018.26	2405.71	2867.26	3328.01	3836.48	4421.13	5030.27	5683.28	6379.47	7097.96
E_37_A	0.77	59.68	157.74	283.88	441.52	618.04	836.06	1108.02	1396.99	1729.21	2121.71	2515.92	2967.54	3445.22	3960.01	4524.2	5135.22	5760.4	6448.15	7194.05
E_36_F	15.11	74.01	159.97	264.3	415.29	563.78	762.7	1033.42	1307.59	1645.02	2030.91	2460.09	2930.6	3412.79	3932.66	4503.67	5108.14	5729.54	6405.34	7085.06
E_36_P	13.02	71.93	166.91	297.09	471.63	676.02	905.59	1180.01	1457.97	1816.0	2212.39	2628.96	3099.73	3583.61	4102.27	4686.6	5303.26	5937.31	6622.14	7314.08
E_36_T	10.28	69.19	162.0	280.93	454.01	645.51	869.91	1156.39	1487.13	1851.56	2254.88	2683.96	3162.15	3688.96	4232.42	4821.41	5465.36	6120.48	6813.18	7553.9
E_35_U	8.88	67.64	154.7	275.01	449.43	658.51	903.76	1192.39	1506.03	1869.51	2275.63	2725.47	3208.82	3729.85	4276.66	4865.47	5503.54	6167.08	6857.67	7602.32
E_35_K	12.32	71.23	161.23	274.13	438.45	637.83	870.89	1156.75	1464.77	1810.91	2208.26	2626.86	3069.65	3548.48	4048.06	4617.85	5213.35	5819.01	6492.0	7189.97
E_35_I	0.0	45.26	119.68	219.84	391.11	584.68	821.94	1115.83	1428.35	1759.42	2138.47	2560.71	3029.09	3515.06	4031.37	4618.41	5200.15	5791.68	6442.1	7132.56
E_35_G	0.0	46.73	115.96	204.12	364.52	568.48	791.2	1065.91	1373.99	1720.0	2103.58	2518.65	2991.22	3501.75	4039.09	4620.99	5204.86	5836.77	6520.01	7191.15
E_35_E	1.91	60.61	135.88	220.05	371.77	553.34	768.17	1029.61	1331.9	1685.12	2092.14	2514.39	2978.43	3488.01	4042.02	4634.5	5232.64	5864.55	6558.6	7277.72
E_35_C	0.0	48.85	129.4	231.88	398.25	582.99	792.36	1070.18	1385.72	1729.27	2107.98	2519.1	2980.28	3492.31	4051.34	4651.65	5259.41	5894.69	6588.25	7309.86
E_35_A	0.0	46.83	132.84	256.35	423.12	616.75	850.74	1120.88	1433.6	1790.74	2175.58	2577.22	3024.43	3523.78	4064.78	4663.9	5279.51	5936.98	6629.12	7344.71
E_34_D	6.43	65.33	145.6	244.5	403.48	591.75	810.38	1091.12	1390.75	1721.18	2126.45	2562.64	3037.22	3558.81	4087.7	4674.22	5313.9	5981.35	6692.74	7405.72
E_34_F	0.0	57.7	133.53	227.38	384.89	564.23	788.26	1071.89	1379.47	1732.58	2126.0	2553.04	3037.15	3556.38	4093.02	4672.64	5303.03	5974.06	6668.0	7361.5
E_34_H	2.65	60.62	125.21	212.25	373.71	572.62	810.51	1097.49	1416.86	1775.24	2173.35	2586.09	3049.94	3553.76	4096.22	4689.59	5299.95	5945.44	6647.68	7326.13
E_34_J	4.77	63.2	141.17	246.35	407.19	604.05	846.27	1127.91	1448.87	1812.56	2213.28	2627.54	3090.78	3580.93	4110.94	4685.51	5279.14	5903.93	6595.01	7293.51
E_34_R	12.08	70.99	163.61	289.21	460.77	669.31	912.58	1200.37	1515.75	1885.01	2291.78	2721.61	3204.81	3716.09	4251.42	4829.47	5447.16	6102.53	6811.38	7542.95
E_34_T	0.39	59.29	150.2	276.61	453.32	663.93	915.22	1208.97	1527.98	1887.59	2294.77	2733.9	3218.11	3747.01	4300.31	4897.77	5515.84	6163.01	6866.88	7609.74